0.644592
0.589076
0.538632
0.494386
0.455005
0.420792
0.39097
0.36537
0.342233
0.32153
0.304786
0.28976
0.277717
0.266272
0.25756
0.249933
0.242673
0.237179
0.232007
0.228068
0.22396
0.220866
0.218059
0.21581
0.214427
0.213053
0.211389
0.209953
0.208737
0.207473
0.205712
0.204272
0.202991
0.202167
0.201558
0.200928
0.200548
0.199906
0.199447
0.198819
0.198808
0.19877
0.198596
0.198572
0.198279
0.19827
0.198025
0.197824
0.19763
0.197449
0.197547
0.197248
0.197246
0.19699
0.196821
0.196636
0.196565
0.196501
0.196488
0.19635
0.196179
0.195928
0.195845
0.195735
0.195528
0.195343
0.195125
0.19528
0.194878
0.194738
0.19431
0.194085
0.194057
0.193855
0.193827
0.193663
0.193873
0.193798
0.193773
0.193755
0.193792
