0.955684
0.96747
0.972274
0.975214
0.978088
0.979642
0.979064
0.97986
0.980508
0.981174
0.981242
0.981788
0.981618
0.981828
0.981646
0.982326
0.982202
0.9821
0.981994
0.983076
0.983734
0.984052
0.984384
0.984448
0.984672
0.984966
0.985264
0.985476
0.9855
0.9856
0.986074
0.987784
0.988082
0.988154
0.988358
0.988334
0.988218
0.988454
0.988522
0.98856
0.988338
0.988242
0.988336
0.987282
0.987038
0.987134
0.987146
0.987242
0.98731
0.987502
0.987558
0.987658
0.98763
0.987756
0.987946
0.987758
0.98785
0.98782
0.987476
0.98806
0.988206
0.988426
0.987854
0.98808
0.988572
0.988628
0.988728
0.988828
0.98914
0.989172
0.989464
0.989584
0.989536
0.989464
0.98906
0.989264
0.989236
0.989276
0.989236
0.989312
0.989288
