0.001 0.1 0.02 200 1
0.001 0.1 0.02 200 20
0.001 0.1 0.02 200 50
0.001 0.1 0.02 200 100
0.002 0.1 0.02 200 1
0.002 0.1 0.02 200 20
0.002 0.1 0.02 200 50
0.002 0.1 0.02 200 100
0.004 0.1 0.02 200 1
0.004 0.1 0.02 200 20
0.004 0.1 0.02 200 50
0.004 0.1 0.02 200 100
0.001 0.1 0.05 100 1
0.001 0.1 0.05 100 20
0.001 0.1 0.05 100 50
0.001 0.1 0.05 100 100
0.002 0.1 0.05 100 1
0.002 0.1 0.05 100 20
0.002 0.1 0.05 100 50
0.002 0.1 0.05 100 100
0.004 0.1 0.05 100 1
0.004 0.1 0.05 100 20
0.004 0.1 0.05 100 50
0.004 0.1 0.05 100 100

