1499.81
1261.19
1062.79
900.534
774.197
665.605
589.377
508.364
448.061
398.342
358.051
323.796
288.931
293.48
269.094
250.172
230.985
220.122
200.646
190.5
192.131
180.216
167.96
151.066
158.08
143.076
171.087
138.259
130.749
129.958
138.72
127.79
137.719
117.933
116.95
115.32
113.829
107.14
104.431
114.557
103.494
96.3074
102.92
111.457
100.322
104.809
102.68
97.6731
90.9258
81.2738
92.9224
96.9861
96.1889
87.3938
87.9146
94.3219
87.7736
93.8274
88.5436
86.7092
86.6475
81.6394
87.68
83.486
84.4303
75.081
82.9466
84.9733
80.5732
79.2358
84.5115
78.2628
70.96
81.8675
84.0853
73.7909
70.9376
69.1897
70.619
70.6312
74.1982
