66035932
99263630
106576700
113674602
120545319
127735248
134666641
141227042
147308611
154104391
160836370
168220270
174970503
182591482
189597335
196487368
203682156
210331508
217255575
224134375
230501683
236841314
243081745
249478792
256599024
263322692
269975071
277075684
283711956
290754818
297664387
304677710
312005147
319569046
327061322
334007039
340787655
347328976
354276655
361296310
368692139
375782498
382740660
389407734
397054176
405165901
413136585
421111170
427937601
435151577
442325168
449575744
457549186
465683333
473233065
480760658
487264898
494561941
502179910
510070703
517632206
525115451
532098572
539665965
546750061
554021757
560806909
567356824
573972135
580911180
587348470
594362304
601971262
608680265
615486887
622139652
628317412
636091457
642666006
649627764
656235635
