0.641772
1.03465
0.0337956
0.972741
0.983854
-0.0209876
-0.0204841
0.0314821
-0.00983333
0.0281003
1.06918
0.995405
0.263661
1.00833
0.107724
0.940475
0.885529
1.00698
1.00179
0.999649
0.00676904
1.02718
1.00924
1.02179
0.984724
0.00765734
0.97534
1.00719
0.215074
0.595746
1.32841
0.865653
0.0173304
1.03087
1.00702
1.00979
0.132442
0.999214
0.126023
0.0159557
1.0272
-0.00231478
0.96185
1.02419
-0.0258698
0.00303039
0.999316
-5.64069e-05
0.726439
0.179134
0.0406414
-0.00477803
0.0180026
-0.033359
1.02763
1.00974
0.00352914
0.0415906
0.271875
0.9625
1.00537
-9.73031e-05
0.0250985
0.871181
-0.123476
0.0679568
0.996621
0.959677
0.86995
0.981061
-0.0268126
0.0697965
0.133309
1.05302
0.798626
1.06929
-0.015788
-0.016364
1.01849
1.00338
0.13169
0.997908
0.954662
1.06393
0.288553
1.01339
-0.0467159
1.02289
0.433395
1.007
1.01377
0.668676
0.0257517
-0.00898638
0.988037
0.0831527
0.983448
0.0303649
0.511759
0.969483
0.101168
-0.0371695
0.742601
0.997829
1.04211
1.00912
0.0100402
0.976981
0.998574
0.00807723
0.653135
0.192545
0.816424
0.0138285
0.90234
0.975437
0.00436727
-0.0058396
0.055996
0.980974
-0.0248535
0.89848
0.300225
0.865795
-0.143308
-0.0508599
0.972127
0.0508326
-0.0164487
0.196622
0.0920828
0.0110594
0.00964185
0.672912
-0.0396182
0.962687
1.09632
1.00583
-0.00666882
0.997531
1.02008
0.939588
0.0546418
0.990191
0.986861
0.626797
-0.0751813
1.09521
0.996775
0.0658809
0.977885
0.0821908
1.00439
1.02818
0.946649
-0.0318354
1.0124
0.018634
1.01061
0.0291026
1.01491
0.0860622
1.03784
0.0466579
0.682727
-0.000983358
0.149777
0.00835792
1.00398
0.978005
1.02507
0.918454
-0.0762684
-0.183248
0.987305
0.988399
1.01193
0.815145
1.01094
0.0145653
0.0128791
1.01262
-0.00480874
0.0231632
-0.0223051
1.00718
0.962423
1.09351
0.955658
0.00422448
0.989801
0.617326
1.02724
-0.03364
0.994153
0.0432661
0.0101221
0.030462
0.996233
1.06062
1.03677
0.945094
-0.0301479
1.00219
0.0435991
-0.0288411
0.993925
-0.00864938
1.00315
0.141454
0.884923
0.114101
1.01821
1.00291
-0.0406645
-0.011648
0.750894
-0.00132657
0.981929
0.0275352
1.22414
0.905676
0.00792501
1.05797
-0.0108468
0.0198919
1.0919
0.696542
0.116582
0.771502
0.000417604
-0.0380294
0.988668
-0.0477493
-0.0574282
-0.0732636
0.260478
0.994287
-0.0525519
0.654827
0.959125
0.645034
0.0184254
-0.00675646
-0.0115647
0.624454
0.953377
0.165704
0.983623
0.889196
0.885653
0.995404
1.0195
0.000495916
0.717637
-0.0614831
1.02617
0.856922
0.170947
0.999692
0.995685
-0.0299404
0.0316542
0.631988
-0.00383562
0.844973
0.0148978
1.01426
0.720964
0.161826
0.0336859
-0.0165976
0.747384
0.390105
-0.0088776
0.0106397
0.00264015
0.988533
0.990023
1.07981
1.0248
1.0784
-0.00413888
0.991767
-0.00749207
-0.0919593
0.136902
1.01085
-0.0467562
1.02117
-0.0550282
0.0700057
0.125183
1.01427
0.0320731
1.01534
1.02889
0.602534
1.28872
0.534492
1.00016
1.03537
-0.0266427
0.0128443
-0.012627
-0.0325611
-0.00683791
1.04514
0.351594
0.715863
1.03311
1.0128
0.00838637
-0.00614427
0.844326
1.00344
0.0010404
0.0569239
0.976684
0.154865
0.00699097
0.0264506
1.00989
0.0269971
1.15475
-0.0129379
1.03374
1.00507
0.462842
0.0290092
0.991281
-0.0591177
0.0304052
0.63356
0.00737841
1.00763
1.03128
0.403668
0.968995
1.0416
0.986477
0.957457
0.884044
0.287401
0.0293719
0.349159
0.985966
1.00505
1.05466
0.0505557
0.979439
0.0125933
0.904916
-0.0660114
0.0146781
0.0722444
1.05953
0.936356
0.851875
0.32048
0.974888
1.03828
0.985424
0.286946
1.00114
-0.00980014
0.269589
1.07192
0.194092
0.990704
0.00771269
0.0531504
0.925967
0.531099
0.0436511
0.0415093
-0.0125204
1.04491
1.01505
0.0894468
0.920137
0.934597
0.993956
0.0411625
0.749376
0.00742145
0.0322933
0.604726
1.02251
0.380586
0.0283366
0.993545
0.991941
-0.00564902
-0.160731
0.0338342
0.931272
0.0805847
0.7086
0.996429
0.986212
0.971808
-0.00168742
0.992058
1.00528
0.513616
0.0513945
0.0350678
0.15071
0.340532
-0.00365013
0.992409
0.0491536
0.208173
0.814862
1.01917
0.449411
0.0617953
0.0474738
0.0243165
0.981853
0.938673
0.990487
0.114959
1.00053
2.20864e-05
1.00428
0.896472
-0.0196033
0.068474
0.556542
0.00211097
0.00161824
1.11579
0.0451479
1.07363
1.00797
1.01227
1.00589
0.987418
0.0229315
0.00404839
0.0119678
1.08229
0.994385
0.999965
0.636772
0.178097
-0.000650912
-0.0409372
-0.0260331
0.992693
0.0302286
1.05252
0.286738
0.671084
0.145691
-0.0311521
1.00816
0.0147963
0.0608146
0.945991
0.863154
0.16654
1.02165
0.567856
1.01563
-0.0322193
0.986004
0.00491049
0.971854
-0.0184863
0.00853996
1.03971
0.980997
0.961387
1.00324
0.0498145
0.00245581
0.957815
0.939502
0.816185
-0.336613
-0.0108733
1.01081
0.988748
0.422214
0.763068
1.0513
-0.0125411
-0.00131851
0.928838
0.842944
0.00742043
-0.0101035
1.01187
0.726462
1.01169
0.972038
-0.112486
0.62195
0.991414
0.519167
-0.0461616
0.483272
0.118779
0.189818
1.03357
0.24231
1.00755
0.167216
0.936425
1.0001
0.0203912
-8.32754e-05
0.00853432
0.0267291
0.000178024
0.0459863
0.00132487
0.0518783
-0.0112758
0.879865
0.996551
0.701836
-0.00501732
-0.0075609
0.984246
0.707216
0.846495
-0.0725932
-0.0136593
1.00014
0.235345
0.910769
0.832149
-0.0702967
1.01014
-0.0150001
1.0908
-0.184078
0.856167
-0.00143039
0.032545
-0.030639
-0.0205957
1.02041
0.97552
0.918679
0.98037
0.972932
0.0142123
0.0571056
-0.0134961
1.06628
0.0364979
0.891698
0.578624
-0.00453822
0.98544
1.029
0.968782
0.973489
-0.0191448
0.0323341
0.99402
-0.033495
0.10551
0.0696322
-0.0640396
0.942843
1.07585
-0.0523751
0.972462
1.02739
0.215782
1.00454
0.568474
1.00322
-0.00887119
-0.0111467
-0.0162485
-0.0404488
0.493384
0.972407
0.00963706
0.050287
-0.00875082
1.04963
0.967193
0.983002
0.0247812
0.186432
0.00318397
-0.00260498
0.980073
-0.132869
0.565065
1.09829
0.0949741
0.429697
0.742399
0.0290279
0.960182
-0.0446703
0.0880788
-0.00175769
0.0600084
1.02563
0.910001
0.790626
0.967477
0.97893
0.0309802
0.974623
-0.0401153
0.000799836
-0.0491555
-0.00711276
0.895289
-0.020713
-0.144354
0.0828091
0.0216564
1.02526
0.77411
1.00138
0.0924691
-0.0129112
-0.324652
0.0098646
0.863213
0.894386
-0.10381
1.02496
1.03216
-0.0327722
1.07459
1.03876
1.19934
-0.063549
1.02958
0.318937
0.388699
0.587814
-0.00882122
-0.0158742
0.886792
-0.0559169
1.00825
-0.0176765
0.0489028
-0.0955397
0.97828
-0.0173052
-0.011591
0.0675914
-0.027748
-0.00392965
1.01618
0.980396
1.11349
1.01169
0.0658929
0.129224
-0.0887243
1.00093
-0.0924739
0.0127462
1.03066
0.102907
-0.0170121
0.999601
1.01735
-0.0375174
-0.00770249
0.0219375
1.15916
0.0400828
0.748781
0.0271479
0.825209
0.0540086
1.01365
1.12762
-0.0415825
1.19545
0.589687
0.964863
1.02741
1.05104
0.0635913
1.01529
1.00106
0.0219115
-0.00158165
0.0145859
0.166747
1.0294
-0.0108209
0.949703
-0.000172033
-0.0465541
1.03702
0.0784491
0.0808621
0.633996
0.988335
0.074831
0.0502295
0.927092
1.01673
0.062757
-0.0158708
1.02124
0.156607
0.0862733
-0.0441339
0.00123818
1.0101
0.995348
1.01964
1.00276
0.982757
0.995778
0.985089
0.0335038
-0.0701727
1.0027
-0.00745824
0.975889
1.01879
1.00286
1.05033
-0.0726971
0.0834839
0.222778
1.00213
1.0001
0.990756
0.00300556
0.070934
0.0576433
0.0504923
1.02715
0.0846303
1.04286
-0.130917
1.04445
-0.0155487
0.0928375
0.943094
0.0145841
0.993922
-0.0583108
1.01889
1.11421
-0.0187987
1.09115
0.948835
0.997885
0.334545
0.927613
0.137391
1.00755
1.05143
0.0358916
1.02394
-0.0310312
0.671485
-0.0144187
0.00732391
0.951606
1.00692
0.0914671
0.998247
0.0276723
1.04215
0.955083
0.0494901
-0.00742416
0.0849315
0.472847
-0.0278771
0.0209777
0.75553
-0.0435228
0.0491544
0.00837785
-0.0173137
0.050987
0.0412713
1.00119
-0.0967421
1.00389
0.10122
1.00934
0.933726
-0.0168598
0.989475
0.00474952
0.997059
-0.0294961
0.301642
-0.0287475
0.967697
1.05232
0.685607
-0.012359
0.0426434
-0.0189601
1.00822
0.0740686
1.045
1.14288
0.861937
0.0396518
0.0292742
-0.00393555
0.895961
0.895526
0.411649
0.962618
1.00005
0.0211962
0.0755385
1.0312
-0.0480412
-0.165396
1.00218
-0.0221803
1.03221
0.0268953
0.471202
0.650679
1.00669
-0.00727606
-0.00634424
0.0541581
0.997723
0.974203
0.321885
0.00360985
0.977111
0.752997
1.0189
0.00723002
-0.00112833
1.00714
-0.0228525
0.00296627
0.0403776
0.347611
0.0117202
0.977297
0.166019
-0.0105247
1.00055
0.923306
1.00571
0.0604141
0.990254
0.114902
0.0342455
-0.00276833
0.914436
0.972779
0.0201746
0.923387
1.00379
0.949986
0.0500616
-0.0270741
1.00382
-0.0783225
0.926096
-0.0456705
-0.00884818
1.41665
0.528442
0.0476016
-0.198484
-0.0439741
0.904762
0.734156
0.84386
0.0203245
1.01458
0.835153
1.00624
-0.00446079
0.775474
1.07404
0.415435
0.21371
0.562052
1.14606
-0.115216
0.00808863
-0.0250301
-0.121346
0.0653509
-0.0124546
0.018372
0.923092
0.444603
0.00836706
-0.00411887
0.815665
0.327377
0.96737
1.00375
0.68239
1.01805
-0.00889825
-0.0237859
0.075178
-0.013348
1.01216
1.00037
1.18553
0.980411
1.00075
-0.00437652
0.98998
0.444647
0.675143
-0.0553681
0.042421
0.193914
0.0188931
0.00394582
-0.00497578
-0.0706925
1.07356
0.0175216
1.18428
1.00934
1.01177
-0.112729
-0.0203353
0.74256
0.0540453
1.05478
0.098002
1.01026
0.116088
1.02213
0.0264895
0.996212
0.434754
1.02716
0.225616
-0.103596
0.936091
1.01082
0.023352
0.987937
0.988255
0.975581
-0.0387588
0.983267
-0.0357287
0.971793
0.973547
-0.0069632
0.998308
1.10704
1.0019
-0.00814391
0.359268
0.859174
0.161058
1.00428
0.0227724
-0.0145715
-0.044084
0.971971
0.459685
1.00438
1.01552
0.64984
0.0228155
0.97486
-0.0226153
0.177379
0.529189
0.984601
0.971205
0.273353
0.0486109
1.14217
0.00253751
0.841761
0.028664
-0.0636571
0.924343
0.99415
-0.0226143
-0.0469534
