1499.81
1252.82
1049.33
878.047
747.219
632.284
538.355
460.739
389.361
344.377
294.18
254.385
223.902
204.728
185.474
164.76
148.128
134.309
117.783
117.176
108.397
96.6227
91.0809
82.316
76.3041
69.6788
83.6692
66.4477
63.3884
60.8943
65.1293
60.6352
59.2384
53.7387
54.959
53.9524
50.6416
48.1259
45.5579
48.2272
44.2137
43.4249
45.5696
47.7402
44.0071
42.1854
41.8751
42.3491
40.1465
36.4224
37.5113
41.2049
41.4667
38.1562
37.3935
38.1184
38.1546
38.7465
39.9174
35.5248
35.1322
32.6196
37.768
34.9538
36.4374
33.9082
33.4547
35.1112
32.7943
32.0241
34.3178
33.8659
31.7035
34.0058
32.4283
32.517
31.1133
31.4276
31.3879
32.2712
31.6652
30.2378
31.8584
28.3206
30.9841
29.6335
31.1883
28.1646
29.3654
29.1098
28.1286
27.869
27.9454
27.4523
26.3726
27.0992
27.5017
24.755
28.2429
24.9617
25.5647
25.6
24.9885
26.9889
26.4066
24.844
24.6163
25.2308
24.3338
25.8947
24.6437
26.1696
23.3783
23.4733
24.3805
25.3274
24.3284
23.4187
23.4172
22.3855
21.8413
23.614
22.5326
21.885
23.0384
20.6661
21.3803
20.2389
20.4313
20.733
21.3074
19.6237
21.082
20.8125
20.3167
19.7562
20.0431
20.9541
18.5354
19.2465
19.5393
19.5809
19.7546
19.5666
18.6099
18.2838
18.6275
19.2314
19.9827
18.5985
17.7188
18.7736
18.5398
16.9867
17.9638
18.4148
17.6493
16.3146
17.4624
17.9718
17.0773
17.716
16.6976
17.1803
16.2799
17.7521
16.1377
17.1483
16.0596
16.0561
16.8308
15.4728
15.6089
16.2423
15.0862
15.9476
15.4163
14.8261
14.2298
14.6336
14.8114
14.6001
14.8005
14.6282
14.0261
14.316
14.1648
13.8401
13.3546
13.3289
13.9507
13.0152
13.1386
13.4071
12.7915
12.5484
13.5828
12.8815
12.9088
13.1991
