0.953292
0.96847
0.97564
0.977876
0.979052
0.982012
0.983864
0.984818
0.984832
0.985362
0.985506
0.985076
0.986586
0.98676
0.987268
0.988656
0.988878
0.988774
0.988848
0.989724
0.990542
0.990424
0.991452
0.99149
0.991762
0.99189
0.991832
0.991784
0.991978
0.992216
0.992384
0.992308
0.992336
0.992404
0.992528
0.992732
0.992764
0.992872
0.99282
0.992816
0.992884
0.99292
0.992912
0.992936
0.992936
0.992956
0.992968
0.993004
0.993
0.993024
0.99188
0.991848
0.991864
0.991916
0.991952
0.991888
0.991932
0.991928
0.991912
0.991852
0.991828
0.991816
0.991816
0.991832
0.991844
0.992856
0.992832
0.992828
0.99288
0.992888
0.99286
0.992848
0.992812
0.992808
0.992828
0.992852
0.992916
0.992904
0.992884
0.99288
0.99292
0.99288
0.992888
0.992856
0.992768
0.992776
0.991888
0.991916
0.991932
0.99188
0.991884
0.991868
0.991888
0.991916
0.991932
0.991988
0.991996
0.991976
0.992
0.991984
0.991968
0.99194
0.991932
0.991928
0.991892
0.991892
0.99188
0.99182
0.991824
0.99184
0.991888
0.99188
0.991884
0.991856
0.991848
0.99186
0.991836
0.991824
0.991768
0.991772
0.991772
0.99176
0.991792
0.991816
0.991852
0.99186
0.991852
0.991848
0.991812
0.991812
0.991752
0.99174
0.99176
0.991756
0.991816
0.991828
0.991896
0.991864
0.9919
0.991924
0.991844
0.991844
0.991768
0.991776
0.99176
0.991756
0.991768
0.991744
0.991764
0.991796
0.991784
0.991788
0.991788
0.99182
0.991808
0.991808
0.991804
0.991836
0.991872
0.991872
0.991868
0.99186
0.991852
0.991856
0.991848
0.99184
0.991844
0.991824
0.991836
0.99182
0.991796
0.991824
0.991812
0.991812
0.991804
0.991844
0.991824
0.991792
0.991764
0.99182
0.991832
0.991856
0.991848
0.99184
0.991844
0.991832
0.99184
0.991848
0.991868
0.99188
0.991896
0.99188
0.991888
0.991888
0.991992
0.992004
0.992
0.99198
0.991988
0.992072
