1499.81
1252.34
1049.57
877.973
747.142
634.345
538.987
463.577
392.013
345.024
295.703
256.877
220.794
206.84
185.399
163.27
145.551
132.159
115.333
115.79
104.681
94.7932
88.6621
79.0908
74.2293
69.3629
82.4856
64.8528
63.1231
60.3025
62.6988
60.0996
59.1195
52.113
54.8923
53.6454
50.163
45.9489
44.6395
48.5117
43.5012
42.786
44.7652
46.7766
44.0792
41.8857
42.4503
42.3937
40.8849
37.1665
37.8601
41.6069
42.5637
39.2637
37.2597
37.9633
36.99
38.3585
39.5827
36.1061
35.8627
32.0636
37.266
34.7717
35.6238
33.1506
32.4494
34.6657
32.5784
31.5888
33.8211
33.7746
31.1207
33.0884
32.2676
32.2183
31.0101
32.0508
31.2303
32.2036
30.6321
29.88
31.3159
27.7688
30.1084
29.372
30.2885
27.788
28.9686
28.6009
27.8363
27.8945
26.3433
27.1204
25.8526
26.6245
26.7063
24.751
27.38
24.7048
25.1276
24.8812
24.8057
27.4347
26.4766
24.313
24.4567
24.6844
23.7218
25.5985
24.5283
25.2114
23.6563
24.2847
24.5076
25.5734
24.9722
22.8138
23.3539
22.6788
21.2776
23.2913
22.1913
21.8436
22.1949
20.8139
20.936
19.8092
20.5753
20.7316
20.6124
19.4523
20.7463
20.2292
19.9354
19.6397
20.0255
20.7661
18.3705
18.4697
18.974
19.4936
19.5515
19.3166
18.8597
18.1317
18.2373
18.464
19.3127
18.5711
17.933
18.7092
18.5489
17.0781
17.8209
18.4404
17.8823
16.6933
17.9398
18.0921
17.1809
17.888
16.5146
16.7365
16.7592
18.0545
16.6815
17.7991
15.9672
16.6108
16.8238
15.2981
15.9295
15.9704
15.0986
15.7912
14.9755
14.7194
14.2726
14.7484
14.9168
14.4913
15.1943
14.5716
14.3471
14.1337
14.2446
13.8586
13.4569
13.5763
14.054
13.3229
13.2614
13.6631
13.0505
12.5778
13.4808
13.5076
13.2246
13.5264
