66192055
102644226
136270874
168121665
201629843
235754262
268378564
306450502
337823750
371727091
403156664
435743959
471648105
503125437
533325443
566122985
600340615
627018512
658050185
687589596
722467684
751465874
780331018
813534396
837155752
861523459
902439117
927591170
960811722
988676378
1026943855
1049538631
1078552827
1102704321
1140119062
1170824851
1194360604
1218044267
1247077615
1260957132
1278620647
1300154823
1315330823
1336238111
1348133550
1363792482
1375221436
1390523093
1416461490
1433917457
1451423900
1464437325
1478603132
1500029389
1509852783
1522813722
1536534810
1555616254
1566343477
1577335784
1588269820
1599389286
1611054549
1622645525
1633867801
1650533496
1666890430
1678788222
1696748627
1707649309
1717152523
1730370149
1746232806
1757212887
1768256376
1782021383
1794305047
1805689975
1816542354
1827752095
1842757042
1853756337
1866876906
1879797896
1890075228
1903045178
1916786497
1927212589
1939726130
1951261400
1961430084
1980878398
1993484972
2008715957
2020104669
2032899411
2047266190
2058742422
2070259830
2083097664
2096322118
2109140974
2121911902
2134614364
2147210245
2162293903
2173178968
2185730083
2200810391
2211843079
2228706554
2245344963
2256367383
2271954631
2284634241
2307102179
2319182408
2331457306
2345113719
2356155420
2369809716
2383636950
2397129283
2407902406
2421064118
2433313299
2446306729
2458630444
2468653931
2478753001
2488344547
2500591676
2513204582
2527381025
2543531670
2553240224
2564593483
2577426828
2588669953
2599825035
2611641221
2622263447
2635004609
2649227672
2663999846
2677211235
2693131076
2705874161
2717678732
2728362570
2741620414
2754756440
2767587870
2779486409
2791971626
2806715718
2821138730
2838343747
2854921654
2867915092
2878886488
2889556563
2903415028
2916580593
2928532546
2944247081
2955111232
2966970452
2979039769
2990476193
3002622368
3012866429
3024873075
3037081314
3050484703
3063900994
3076822480
3091186739
3110030322
3120374260
3131485350
3141134823
3157556038
3173738207
3190480809
3203869598
3215855473
3228458826
3243399308
3256610125
3270223594
3287674619
3300577109
3312151239
3331207152
3344792169
3357090221
3368002295
3381264935
3397759665
