0.644418
0.588752
0.537298
0.492034
0.451723
0.415809
0.384813
0.356839
0.33233
0.309565
0.291414
0.27527
0.260898
0.249284
0.239255
0.228948
0.220986
0.214867
0.208771
0.203324
0.198938
0.195996
0.192224
0.189877
0.187559
0.185797
0.184568
0.183134
0.182866
0.181954
0.180897
0.18037
0.179834
0.17919
0.178932
0.178774
0.178456
0.178204
0.178021
0.177904
0.178032
0.178181
0.178118
0.177863
0.178061
0.177875
0.177953
0.177647
0.177801
0.177953
0.178049
0.177969
0.177891
0.178062
0.178133
0.178125
0.178339
0.178432
0.178363
0.178565
0.17859
0.178687
0.178666
0.178783
0.178512
0.178475
0.178299
0.178267
0.178239
0.178233
0.178347
0.178528
0.178421
0.178469
0.1785
0.178512
0.178622
0.178764
0.178865
0.178879
0.178859
0.178979
0.178961
0.178885
0.178851
0.178899
0.178987
0.179077
0.179185
0.179408
0.179408
0.179365
0.179603
0.179391
0.179298
0.17926
0.179282
0.179325
0.179461
0.179616
0.179628
0.179803
0.179853
0.179843
0.180006
0.179918
0.180014
0.179896
0.179826
0.179751
0.180025
0.180002
0.180108
0.180104
0.179898
0.179858
0.179848
0.179971
0.180062
0.180163
0.180176
0.18042
0.180522
0.180554
0.180625
0.180515
0.180575
0.180642
0.180948
0.180971
0.181026
0.180889
0.18093
0.180998
0.181141
0.181224
0.181194
0.181362
0.181348
0.181368
0.181415
0.181366
0.18141
0.181484
0.181453
0.18158
0.181641
0.18167
0.181727
0.181636
0.181655
0.181599
0.181614
0.181629
0.181501
0.181548
0.181496
0.181425
0.18144
0.181509
0.181508
0.181627
0.181669
0.181741
0.18179
0.181786
0.18187
0.181881
0.181835
0.181818
0.181859
0.181968
0.182012
0.182016
0.18208
0.182082
0.182092
0.182171
0.182164
0.182127
0.182281
0.18234
0.182352
0.18238
0.182396
0.182396
0.182519
0.182564
0.182581
0.182521
0.182576
0.182605
0.182614
0.182678
0.182589
0.182564
0.182587
0.182533
0.182545
0.182587
