62285001
96839279
129864509
160751124
196195185
231395339
262398543
297477047
328839864
361753903
393746603
427430776
465846624
499228348
529623966
561215522
592514228
621750736
649942759
678196621
717536316
752219824
777086180
806394836
834675487
871941227
901586749
926608690
960034909
985748441
1006080803
1031529546
1060894412
1086635772
1119275245
1152425553
1176428753
1198317565
1225797025
1243448785
1261033223
1277623812
1295649557
1310918424
1324358372
1347355436
1358215534
1374801194
1393257162
1411534100
1422026123
1437303779
1449298479
1462761375
1474051831
1486215535
1504968418
1518917234
1536779235
1547187862
1558651926
1570641893
1586460077
1597300146
1608353154
1622207361
1633567369
1651723082
1663757403
1674561370
1687236696
1701595722
1713652694
1727777855
1737104372
1749719967
1766231723
1777933113
1788892443
1801010075
1815824094
1831281410
1846471976
1866202678
1878593812
1891112959
1904095008
1916944309
1929795242
1939770858
1949707316
1967992307
1978395396
1992724628
2006139293
2020030834
2032754416
2045897237
2055778543
2065789283
2076107272
2090571719
2102007555
2114485905
2126642751
2148002938
2159699469
2171705970
2181524151
2192751783
2204947659
2220113077
2232463231
2247932770
2260136916
2277918494
2291055393
2302594640
2315677886
2329328753
2340967600
2356921123
2370778056
2385426855
2395576326
2408275660
2423402489
2438080670
2449677566
2463272692
2474119628
2486058987
2500337733
2511648320
2524814669
2536196671
2550265312
2564132001
2577855055
2589981622
2602736954
2615665752
2629977342
2642477785
2656503041
2675074890
2685950359
2698798038
2713934085
2725253856
2738670690
2760673972
2771581419
2783536898
2795770770
2807710512
2821613221
2836615249
2850894676
2865806218
2879396581
2894826612
2906942126
2919976229
2929995537
2943804659
2958337001
2971356625
2985629585
3006613047
3017103628
3032948732
3044024332
3056767445
3067201679
3079351232
3093314846
3112282782
3129424267
3148090190
3158754212
3169104947
3183862136
3194085174
3209240264
3225989391
3240709982
3257985964
3273394333
3285462432
3302219432
3316883815
3331148141
3348125556
3360307758
3376311807
3389320718
3407112256
3421059869
3442562163
