1499.81
1252.89
1049.31
877.798
747.522
634.653
539.49
462.707
393.106
346.484
293.015
257.05
223.186
206.419
185.165
165.061
147.428
135.909
118.806
117.216
107.129
95.7984
91.953
80.7576
76.1202
70.3055
84.0934
66.9477
65.7026
62.4271
65.6241
60.1468
59.4102
53.2008
54.3233
55.1549
50.3425
47.2249
44.6161
48.3523
44.1721
42.4081
45.4329
47.0499
44.4429
42.4815
41.3998
40.8949
40.5476
36.3679
37.5235
41.2617
41.472
38.3063
36.3884
37.8631
36.6944
38.8972
39.7561
36.5131
35.2213
31.7985
37.2599
33.6261
35.9348
33.4852
33.0959
34.9877
32.6504
31.7255
33.7844
33.3685
30.6513
33.4031
31.8283
31.8612
30.7691
31.0068
30.8058
30.8965
31.618
29.89
31.3789
28.3441
30.2612
29.8434
30.2856
28.3586
28.9926
29.8991
27.7055
28.8398
26.9512
27.3914
25.7245
27.3104
27.0056
25.0936
27.872
25.3896
24.9103
25.4927
25.1031
26.8523
26.4491
24.5521
24.3699
24.7162
23.8072
25.6451
24.7652
25.6139
23.5136
23.705
25.1257
25.3516
24.8955
22.9777
23.5609
22.7081
21.6829
23.5074
22.1537
22.4553
23.2816
21.1536
20.8471
20.1716
21.1541
20.9693
21.1132
19.4799
20.3123
20.8533
20.1889
19.8057
19.9628
20.253
18.5553
18.5727
19.552
19.615
19.6044
19.6222
18.3395
18.1596
18.1825
18.6887
19.1537
18.6899
17.3677
18.4343
18.5915
17.4353
17.9669
18.2289
17.5104
16.6146
17.8391
18.0544
17.5391
17.9679
16.2535
16.9925
17.0259
18.2991
16.7859
17.5943
16.4625
16.507
16.8182
15.1883
15.9494
16.5005
15.8706
15.9492
15.3944
14.9124
14.1558
15.3464
15.374
14.67
15.2618
14.7384
14.6804
14.7603
14.8312
14.5757
13.805
13.4586
14.3157
13.5402
13.9197
14.1686
13.2924
12.6528
13.7701
13.5576
13.2965
13.7417
