1499.81
1252.34
1049.53
877.963
747.415
632.548
537.973
460.65
389.831
346.189
293.627
256.629
222.703
205.046
188.227
166.694
146.259
133.561
118.316
114.785
106.11
96.3987
91.1762
80.015
73.4117
68.7172
82.0552
63.9043
62.0601
60.4933
62.248
58.8448
58.215
51.8204
53.281
52.836
50.0161
45.9863
43.7508
47.2018
42.9085
42.8383
45.0545
45.7918
43.586
42.6397
42.0075
41.3264
39.4154
35.7212
37.0634
40.0425
40.2562
37.284
36.767
37.121
37.7247
39.0924
38.6307
35.855
34.836
32.0682
37.1933
34.6875
35.9603
33.7916
32.0537
34.5019
32.4563
31.6417
33.5328
33.7725
30.8155
32.9732
32.3393
31.4285
30.928
31.3863
31.3398
31.9132
31.7207
30.3469
30.4997
27.99
30.2627
28.7491
29.4765
27.3176
28.475
28.5287
27.0532
27.1231
26.808
26.7526
26.026
26.9426
26.7505
25.0476
27.296
24.3666
24.4706
24.6134
24.8822
26.752
25.4844
24.9132
24.0443
24.4677
23.4116
25.4393
23.5516
25.2567
22.3093
22.6617
23.542
24.5039
23.4566
22.5205
22.1533
22.4967
21.0298
22.8102
22.409
22.2112
22.1578
20.5919
20.8656
19.2237
19.7524
20.0866
20.5666
18.9601
20.6082
20.1687
19.0129
19.4964
19.3757
19.9815
18.1778
18.3622
18.7389
18.9908
18.7148
18.6752
17.7234
17.545
18.1004
18.1818
18.6349
17.6694
16.9901
18.0976
17.8452
16.5667
16.8354
17.0801
16.9236
15.5447
16.9549
17.1685
16.3976
17.1387
15.8989
16.1093
15.5282
16.915
15.8878
16.3264
15.9371
15.8825
16.1636
15.0293
15.6664
15.8736
14.8978
15.1414
14.5981
14.2171
13.8328
14.4751
14.6582
14.3642
14.5541
14.4629
14.2292
13.8209
13.8747
13.7438
13.4427
13.234
13.7357
12.8877
12.9465
13.3888
12.8406
12.2131
12.9137
12.7059
12.7369
13.2614
