64154903
98487884
134546279
167436486
200743997
236480900
269514011
306791198
338340181
369859576
403350773
437504618
468390895
499979198
529742879
566335236
600142526
627567874
655925671
684100572
726748911
754860520
788189265
817462144
846156339
878367390
914619955
939355738
968660006
1001740961
1037573786
1060609280
1097669539
1131451342
1155607921
1182991041
1208462635
1239401895
1258495606
1274864061
1290571388
1317266961
1332237641
1348060948
1362115722
1384531000
1399538118
1415546601
1437513838
1453520286
1464999157
1477524436
1488689378
1503481751
1514215423
1525153110
1542988540
1556792949
1571302177
1583973127
1595515323
1608398646
1621567391
1632714353
1644805972
1662439440
1682609715
1694874123
1707314019
1722105911
1737385474
1757113128
1771482702
1785031586
1797413423
1808417822
1826789171
1838876997
1849832968
1864330869
1875201666
1886414206
1899102471
1910145898
1921878376
1934158512
1946769236
1958845777
1968876825
1987311696
1997165675
2011620785
2023356863
2038045574
2050774226
2062529146
2077717771
2088845619
2102439758
2112736657
2125468092
2138645027
2151012522
2163320940
2174632576
2187039644
2198011457
2211361772
2221533592
2232268710
2242193907
2254157260
2268913332
2284015700
2299289620
2312510232
2325594361
2337397324
2349336838
2361212559
2372468705
2385216092
2395273720
2409619783
2423638112
2436201226
2449941234
2461474042
2472177998
2483153264
2495198613
2508250342
2520597412
2531228235
2544508337
2554265807
2578760348
2592704995
2605798512
2627121180
2641148182
2651300541
2664991649
2677936756
2690563599
2702535273
2721272793
2733806309
2744695808
2758590282
2770305831
2782946801
2796377857
2809869490
2829028772
2840616423
2852591228
2863299889
2874702102
2886696196
2897307217
2908999155
2922761452
2936795730
2948190870
2961974761
2973547615
2993652179
3007168724
3025701529
3039651866
3050843226
3064016827
3075193539
3087851691
3099538479
3113760576
3128574540
3141908312
3154433437
3168484456
3181191241
3196748455
3208019484
3224295241
3236121405
3251538507
3265936250
3282492869
3294316692
3310831032
3329482515
3342506583
3364936752
3382785649
3397327645
3408490669
3420043701
3432642322
3449288917
