62198209
97363892
136484275
172775262
205958535
241667058
272976510
308492512
339833490
381864956
417084438
451386183
480655909
514861617
544569027
579443170
610962233
640312939
668182641
692885074
728152104
756204004
788680813
815383352
837676921
871782004
905446987
930166293
962856846
994703974
1018687954
1037591834
1057661590
1083065408
1108719855
1143403048
1175334744
1199849290
1220166777
1237008003
1253191603
1270521880
1288337233
1302842345
1313797305
1334497519
1348914624
1364864844
1384174149
1400092114
1417735182
1431105992
1446753908
1463904741
1474656872
1486215467
1503511406
1515681024
1530955516
1542896020
1553269030
1566970334
1579101085
1589305335
1598783209
1616986798
1629656701
1642798321
1654128009
1665013492
1677874604
1689065849
1706549719
1719305628
1728865682
1740745596
1752162408
1763548772
1773859647
1786205289
1798615888
1810095921
1830852385
1840959084
1852680077
1865978880
1879105325
1891120207
1903358432
1914440456
1925947407
1940293053
1950969234
1963900069
1975548286
1990151027
2005362559
2015291291
2026257844
2044239745
2055504060
2068173138
2080123135
2091258527
2102558471
2113188391
2126433715
2136620266
2149634391
2164507889
2174397797
2188743767
2206222406
2216110460
2227618687
2242329993
2252365512
2266302132
2279433083
2292193124
2303125545
2313853972
2323754947
2334930615
2346072798
2358440602
2370347063
2381796818
2392757678
2404596678
2415908482
2427962696
2443125770
2455601472
2468300499
2479288919
2492386087
2508904682
2528334457
2540901732
2552370239
2564076862
2575294193
2588702134
2607503220
2621034153
2630790213
2647402528
2659117513
2670442734
2681663569
2697708857
2711159896
2725135442
2739043590
2751247740
2763447113
2774588885
2789079095
2801816427
2813772908
2825510953
2837654573
2851518640
2862751367
2873177525
2884499654
2898732075
2911596099
2920879768
2937922445
2949035143
2963081787
2973730196
2986610160
2998755213
3014301655
3029505941
3047394519
3062919070
3078148215
3089746785
3099867229
3111170659
3128473791
3143128720
3157227433
3171341580
3184314362
3195665179
3208589468
3226306954
3238863411
3251026206
3264835547
3275338924
3288750506
3300509428
3323232621
3341389232
