0.644368
0.587742
0.536914
0.491359
0.451273
0.415275
0.384244
0.357109
0.332376
0.309554
0.291209
0.275072
0.260032
0.247596
0.237527
0.228413
0.221255
0.215319
0.210053
0.205174
0.201306
0.198348
0.195153
0.192874
0.190636
0.189064
0.187949
0.187017
0.185504
0.184518
0.183993
0.183439
0.182876
0.18233
0.181656
0.181179
0.180939
0.18045
0.180553
0.180484
0.180438
0.180505
0.180448
0.180261
0.180341
0.18015
0.180175
0.180196
0.180198
0.18011
0.180543
0.180729
0.180628
0.180601
0.180575
0.180638
0.180551
0.18068
0.181024
0.181364
0.181544
0.181533
0.181686
0.181673
0.181685
0.181213
0.181099
0.18119
0.181046
0.180942
0.181105
0.18115
0.181367
0.181474
0.181374
0.181328
0.181182
0.181203
0.181217
0.181241
0.181149
0.181264
0.181447
0.181475
0.181614
0.181709
0.182032
0.181879
0.181898
0.182103
0.182135
0.182217
0.182193
0.182111
0.181977
0.182036
0.182059
0.182059
0.181983
0.182006
0.181997
0.182203
0.182221
0.182246
0.182395
0.182566
0.182681
0.182766
0.182698
0.182782
0.182828
0.182976
0.183033
0.183075
0.183009
0.183012
0.183245
0.183394
0.183559
0.18357
0.183585
0.183802
0.183737
0.18349
0.183491
0.183386
0.183332
0.183213
0.183331
0.183474
0.18368
0.183675
0.18368
0.18371
0.183829
0.183828
0.183867
0.183883
0.183777
0.183794
0.183951
0.183904
0.184046
0.183946
0.183969
0.183828
0.18375
0.183861
0.183829
0.183768
0.183851
0.183759
0.183876
0.183692
0.18373
0.183738
0.183684
0.183667
0.183714
0.183601
0.183572
0.183693
0.183728
0.183767
0.183784
0.18386
0.183914
0.184027
0.18404
0.184051
0.184205
0.184136
0.184111
0.184139
0.184243
0.184329
0.184409
0.184409
0.18442
0.18445
0.184464
0.184485
0.184502
0.184523
0.184478
0.18455
0.184612
0.184599
0.184517
0.184437
0.184464
0.184476
0.184484
0.184501
0.184482
0.184421
0.184467
0.184511
0.184453
0.184449
