0.562499
1.00505
0.055699
1.0031
0.992836
-0.00823332
-0.00978283
-0.0352514
0.0310321
-0.0165904
1.00246
1.00825
0.21492
1.0352
0.123205
0.989977
0.874977
1.11492
1.03958
1.00819
-0.0349988
1.00497
0.994793
1.00319
0.979253
0.0444397
0.979798
1.00541
0.284049
0.649533
1.20133
1.01498
0.00201291
1.02851
1.03124
0.993801
0.107427
0.996457
0.0368135
0.0218018
1.07143
0.00217224
0.939487
1.03494
0.0295575
0.0145132
0.942455
0.0401817
0.692297
0.16078
-0.0803266
0.0114579
0.0148499
0.00782143
1.03855
0.989167
-0.0416309
-0.110401
0.476753
0.975232
1.0076
-0.00852064
0.000605208
0.934866
0.110321
0.0219658
1.00004
1.00061
0.852908
1.12525
-0.00124615
0.070746
0.0836252
1.09268
0.710142
1.01433
-0.0132888
0.10001
1.00637
0.993158
0.145794
1.05931
0.783149
0.972719
0.26059
1.01211
-0.254907
1.00073
0.352423
1.03525
0.947236
0.656071
-0.0207626
-0.00619749
0.974122
0.0975246
0.994201
0.0202753
0.528401
0.998542
0.0243137
0.066073
0.65928
1.00664
1.00964
0.945215
-0.082505
1.01627
0.942579
-0.00303054
0.711075
0.0559293
0.826193
0.00192292
0.994457
0.999177
0.0242443
-0.0101456
0.117644
1.00383
-0.12677
0.969947
0.458722
0.82124
-0.152334
0.0239507
1.00407
0.00950819
-0.00547484
0.22435
0.169948
0.022717
0.0284608
0.859587
-0.0437374
0.97463
1.02265
1.00733
-0.00283699
0.938148
1.00492
0.953778
0.0919739
1.00655
0.969411
0.78515
-0.152149
0.998793
1.14895
0.120611
0.972008
0.0808985
0.974635
0.99139
1.00084
-0.0193081
1.0029
0.0255514
1.00421
-0.00196938
0.984333
-0.00430857
1.02056
0.117906
0.680087
0.111071
0.34093
-0.0385713
1.01265
1.00936
0.975534
0.876944
-0.151078
0.0343269
1.00426
0.981263
0.994047
0.762037
1.03461
0.0891926
0.0308383
1.00457
0.0554176
-0.020226
0.00956116
1.03455
0.977888
1.35686
0.978303
0.00436622
1.00256
0.535198
1.01167
-0.00573825
0.991498
0.0141138
0.10687
0.0525742
0.947267
1.08714
1.08221
0.947795
-0.0170586
0.991153
-0.0402664
-0.0383867
0.989411
0.0534568
1.00413
0.336465
1.16229
0.0253423
1.1495
1.00366
-0.157926
-0.00465805
0.817718
0.0241378
0.981028
0.082729
1.22367
0.771033
0.0205869
1.00257
0.0398889
-0.0956886
1.00424
0.817553
0.312806
0.807071
-0.0219561
-0.0232238
1.00912
-0.0169642
0.00246905
-0.0164733
0.246363
0.982339
-0.0363766
0.545238
1.20813
0.474748
-0.0030046
-0.0568947
0.00993986
0.757536
1.10546
0.103445
1.00473
0.922686
0.946196
1.0031
0.983834
-0.118744
0.795262
0.143017
0.969121
0.738587
0.142218
0.98696
1.00843
-0.053862
-0.0412546
0.699197
0.0911947
0.761921
-0.00184854
0.988608
0.69867
0.279895
0.0353549
-0.0262111
0.716627
0.36911
-0.0183629
0.00861108
0.0120749
0.996576
1.00377
1.05543
0.99524
1.09022
-0.02158
1.00175
-0.0141449
-0.39494
0.14381
0.984247
-0.0233298
1.01247
-0.000759601
0.104772
0.222068
1.00118
0.016415
1.01828
1.08344
0.624993
1.43943
0.457721
1.04062
1.05967
-0.00544749
0.267126
-0.0068448
0.0665792
0.0176426
0.909043
0.228465
0.801195
1.01481
1.00508
0.00643922
-0.0367484
0.803996
0.994266
-0.0159767
-0.0151117
1.02745
0.0952333
-0.0152258
0.0340154
1.02685
-0.191904
1.06967
0.018879
1.01448
1.04162
0.101578
-0.038142
0.955385
0.0723096
0.00406204
0.660839
-0.0153209
0.870119
1.18534
0.191765
0.986037
0.910415
1.00775
1.00206
0.962931
0.143725
-0.00236218
0.338642
0.973871
0.993896
1.01238
0.08798
0.965733
0.00689831
0.98078
-0.0936021
0.00925908
0.00989361
1.0036
1.0068
0.934125
0.39248
1.00493
1.01161
1.00993
0.201897
1.07332
-0.0608012
0.0542564
1.07522
0.260812
0.980702
-0.090078
-0.00272663
1.14023
0.367069
0.0594836
-0.0242408
0.0385355
1.00933
0.998681
-0.021786
0.620426
0.988762
0.995968
0.0911261
0.339865
0.0248045
-0.0297043
0.29471
0.926897
0.450431
0.0546379
0.981514
0.987856
0.0410149
-0.157113
0.0484586
1.01632
0.0110088
0.690452
1.00997
0.985527
0.981113
-0.0266903
0.977467
0.987294
0.429151
0.0687359
0.158428
0.62697
0.382159
-0.130129
0.958694
0.012723
0.18013
0.881793
0.98881
0.684233
-0.013634
-0.0240297
0.00680077
0.997348
1.05812
0.994586
0.310981
0.977718
0.0183361
0.998229
1.03604
0.00707134
0.161909
0.533552
0.020262
-0.00781462
1.17584
-0.0889638
1.06568
0.999246
0.989254
0.994228
1.00016
0.0104444
0.0655543
0.00294846
1.03195
1.01866
1.00054
1.07994
0.111004
0.00739884
0.00692401
0.000412589
1.06235
0.0630025
1.02663
0.441951
0.827989
0.162902
-0.00771929
0.998434
-0.00448057
0.0344388
0.89399
0.65128
0.372644
0.962356
0.219756
0.965713
-0.0433455
1.01603
0.00105695
1.03342
-0.0291487
0.0466928
1.00304
0.962922
0.970953
0.989189
0.0767602
0.00144105
1.03165
0.978062
0.716613
-0.348027
-0.0161024
1.00828
1.02786
0.456495
0.946675
1.02329
-0.00643486
0.00693344
0.999937
0.877613
0.0611771
-0.0263996
1.01638
0.839076
0.990437
0.996205
-0.0375764
0.546209
1.11435
0.504083
-0.0268549
0.476966
0.0670649
0.203609
1.07041
0.256972
0.990887
0.149514
0.935283
1.00069
-0.00501332
-0.0140231
0.00808569
0.0785962
-0.00338394
-0.037608
-0.0286498
0.00933868
-0.000212296
0.833658
1.00355
0.645164
0.0229991
-0.0149009
1.01071
0.700319
0.827826
-0.0470337
0.0771047
1.06058
0.300304
0.961202
0.938226
-0.106925
0.978192
-0.0389718
1.00964
0.058828
1.03644
-0.00449038
0.106787
0.00219343
-0.122642
1.02963
1.00415
1.00173
0.956164
0.974694
-0.0371844
0.0621204
0.00281428
0.934229
0.0895641
0.581667
0.566488
-0.00880749
1.01521
0.986481
1.00719
0.978763
-0.0212752
0.0567011
1.00203
-0.0404415
0.0107385
0.00782643
-0.0273007
0.986866
1.08773
-0.0598951
0.975851
1.00651
0.214833
0.986668
0.696165
0.973282
-0.00783425
0.0335109
-0.0400707
-0.00720214
0.296597
0.89087
-0.0042328
0.0678414
-0.0424809
1.02995
0.909233
0.999012
-0.00154616
0.213335
-0.0611876
0.0441137
0.966478
0.0351738
0.665942
0.978011
-0.037532
0.546281
0.820875
0.0168651
0.547973
0.125592
-0.0224819
-0.0047541
0.14938
0.984777
0.975498
0.890349
0.990401
1.00593
-0.0638211
0.989353
-0.0375188
-0.00977198
-0.155262
0.010685
0.967352
-0.0512683
-0.00843969
0.084435
0.198956
1.02946
0.715984
0.999816
0.0494153
-0.0063274
-0.485976
-0.0180915
0.932249
0.975919
-0.0618911
1.05832
1.04497
-0.0140289
0.993596
1.02214
1.35728
-0.0558912
1.04549
0.359703
0.382216
0.608926
0.00682369
-0.0360487
1.01105
0.00302437
0.990071
0.0128084
0.063164
-0.0145608
0.935361
-0.0125193
-0.0146362
0.0659306
0.00988626
0.00945
0.979895
1.01039
1.06646
1.00948
0.11168
0.0854615
0.0847803
0.980235
-0.0753229
0.0905148
1.00336
0.200192
0.0415177
1.022
1.09673
0.0271705
0.00952857
-0.0411378
1.1129
0.0720001
0.851441
-0.0127197
0.888625
0.0346351
0.714327
1.09143
-0.00978879
1.07079
0.390026
1.02038
1.07509
1.00889
-0.00477146
1.00455
0.986967
0.021563
-0.0466479
0.00615101
0.275304
0.974934
-0.0419295
0.954689
0.00135395
0.0709962
0.995679
0.0833184
0.0656855
0.81786
0.999246
0.0718861
0.0209438
0.971042
1.00288
-0.0356437
-0.0135235
0.967317
0.0505047
0.238738
-0.00991758
-0.0136316
1.01564
0.9823
1.00515
0.99228
1.01469
0.956971
0.829376
-0.0369955
0.140152
0.994235
0.00990273
1.01962
0.963045
0.992155
1.36922
0.00169904
0.0485166
0.192895
1.00275
1.0003
0.986944
0.0196294
0.000799917
-0.0106766
0.00508429
1.0205
-0.0218441
1.03648
-0.155809
1.02982
-0.0313
0.265244
0.967331
0.0630598
0.996931
-0.000767843
0.827659
1.13142
0.0410614
1.05399
0.98755
1.016
0.279276
0.90435
0.121319
1.0027
0.891698
-0.000125193
1.0029
-0.00280577
0.207964
-0.0141226
0.0456364
0.749015
1.00317
0.145484
0.97913
0.0606868
1.01391
0.991297
0.0350196
0.0134639
-0.00175855
0.358056
-0.0312587
0.0780402
0.810312
-0.0274721
0.111854
0.00499764
0.0707949
0.0738773
-0.00969052
0.992389
0.00724516
1.01905
0.13218
0.925444
0.971584
0.00653775
0.93546
-0.0670459
0.982156
-0.0773993
0.263593
0.0182498
0.969694
1.01588
0.70753
0.0466044
0.0416035
-0.0478604
0.97455
0.111338
0.990248
1.13091
0.706574
0.092041
0.0393618
-0.0152822
0.931248
0.955095
0.313898
1.00117
0.987254
-0.00276838
0.132084
0.999277
0.0007208
-0.178765
0.990995
-0.00730275
1.00255
0.0152141
0.548009
0.702248
0.997494
-0.00528779
-0.00641257
-0.010021
0.9893
0.900661
0.330441
-0.0115497
1.00701
1.00119
1.01985
0.01629
-0.020373
0.819418
-0.0038371
-0.0820799
0.22096
0.340048
0.0242222
1.01863
0.00511014
0.0714373
0.9937
0.912833
0.983787
0.196492
1.06731
0.119986
0.0431554
-0.0287243
0.935035
0.990303
-0.0655891
0.992885
1.00386
0.999624
0.0262193
0.0167264
1.02297
-0.0140836
0.957008
-0.0124794
0.00973675
1.2988
0.70567
0.0441651
-0.15077
-0.0149426
0.952365
0.628275
0.763397
0.00482852
0.987198
0.859136
1.01681
-0.00626724
0.734771
1.08034
0.466668
0.322439
0.451145
1.21381
0.336965
0.133905
-0.0235661
-0.143277
-0.0110017
0.00999169
0.0677825
0.979602
0.554469
-0.0528357
0.0378636
0.719082
0.457653
0.912814
0.995349
0.699997
0.938869
-0.0150064
-0.00720686
0.03526
-0.011807
0.999732
0.984039
0.940382
0.963371
1.04311
-0.0153621
0.977854
0.322112
0.808638
0.078842
0.0578738
0.113962
0.0156097
0.0225403
0.00121693
-0.102082
1.12706
0.0414997
1.0604
1.08053
0.992615
-0.0953235
-0.01568
0.800271
0.124161
1.0273
-0.00909585
1.00371
0.13305
1.0876
0.0586354
1.00699
0.430672
0.998773
0.225242
-0.132617
0.923252
1.09101
0.0334115
0.981611
0.99427
1.00968
0.0571402
0.967068
-0.0318775
0.98665
0.964172
0.00162001
0.937289
1.08501
0.998398
0.0310291
0.204094
1.00089
0.212335
1.0065
-0.0101743
-0.0404695
-0.0298391
0.964442
0.447985
1.00207
1.05778
0.798858
-0.00522844
0.969711
0.00783107
0.0516686
0.280449
0.985314
0.994421
0.278404
-0.0305768
1.14171
-0.00526904
0.964412
0.00461437
0.0536197
0.87097
1.03622
-0.0160609
0.0372718
