0.941632
0.956022
0.972426
0.978492
0.97873
0.980356
0.983222
0.985182
0.986488
0.987194
0.987358
0.987216
0.987134
0.988848
0.988926
0.98977
0.98999
0.990064
0.990052
0.99022
0.990902
0.990946
0.991048
0.991054
0.991032
0.991
0.991154
0.991168
0.991172
0.991644
0.99178
0.991898
0.99169
0.991676
0.991688
0.991644
0.991588
0.991632
0.991664
0.991588
0.991592
0.991564
0.991632
0.991854
0.991866
0.991944
0.992
0.991976
0.992004
0.992008
0.991876
0.99192
0.991904
0.991916
0.991932
0.991956
0.991948
0.991892
0.991812
0.991808
0.991792
0.991776
0.991796
0.991764
0.991764
0.99174
0.991824
0.991856
0.991864
0.991832
0.991816
0.991824
0.9919
0.991848
0.991852
0.991832
0.991836
0.991832
0.991848
0.991836
0.99182
0.991792
0.991816
0.991804
0.991808
0.991936
0.991916
0.991892
0.991876
0.991872
0.991868
0.991544
0.991532
0.991588
0.99154
0.991524
0.991516
0.99152
0.991488
0.99148
0.991496
0.991476
0.991448
0.991436
0.991436
0.991448
0.991424
0.991472
0.991464
0.99144
0.991456
0.991452
0.991468
0.991472
0.991444
0.991456
0.991484
0.99146
0.991504
0.991528
0.990956
0.990896
0.99078
0.990808
0.990804
0.99082
0.9908
0.990804
0.990744
0.990736
0.990728
0.99072
0.99072
0.990728
0.99068
0.990692
0.990704
0.990732
0.990768
0.990744
0.990548
0.990548
0.990568
0.990568
0.99056
0.990588
0.99058
0.990576
0.99056
0.990572
0.990588
0.99056
0.990556
0.990644
0.99066
0.990648
0.990644
0.99064
0.990788
0.990784
0.990768
0.990756
0.990768
0.990764
0.990784
0.99102
0.991012
0.99102
0.991008
0.990996
0.990996
0.991008
0.990988
0.990968
0.990976
0.990956
0.990944
0.99092
0.990916
0.990924
0.990916
0.990928
0.990956
0.990984
0.990984
0.990948
0.990948
0.990744
0.990744
0.990744
0.990724
0.990728
0.99074
0.99078
0.99078
0.990788
0.9908
0.990816
0.990824
0.990864
