0.644418
0.588752
0.537298
0.492153
0.451879
0.41598
0.385346
0.357074
0.3323
0.309715
0.291504
0.275178
0.260685
0.248446
0.23848
0.228888
0.220745
0.214778
0.208745
0.203511
0.19935
0.196534
0.193198
0.190886
0.188516
0.187297
0.185902
0.184352
0.183176
0.182111
0.181092
0.180272
0.180145
0.179789
0.17963
0.179322
0.178957
0.178456
0.178034
0.178102
0.178021
0.17812
0.178628
0.178524
0.17859
0.178525
0.178495
0.178412
0.178559
0.178685
0.178751
0.178803
0.178772
0.178701
0.178679
0.178295
0.178515
0.178659
0.178845
0.179263
0.179295
0.179357
0.179629
0.179759
0.179684
0.17974
0.179474
0.179448
0.179373
0.179357
0.179407
0.17945
0.17951
0.179701
0.179794
0.179863
0.179884
0.179969
0.180006
0.180239
0.180178
0.180143
0.180101
0.180128
0.180073
0.179938
0.180012
0.180015
0.180023
0.180296
0.180266
0.180057
0.180131
0.180151
0.179926
0.179914
0.179869
0.179817
0.180035
0.180108
0.180165
0.180204
0.180191
0.180267
0.180409
0.180433
0.180577
0.180629
0.18063
0.180496
0.180507
0.180468
0.180432
0.180492
0.180488
0.180434
0.180504
0.180419
0.180404
0.180389
0.180364
0.180666
0.18071
0.180686
0.180785
0.180745
0.180813
0.180967
0.18108
0.181085
0.181172
0.181277
0.181393
0.181477
0.181754
0.181757
0.181837
0.1819
0.181993
0.181921
0.181902
0.181812
0.18181
0.181799
0.181917
0.181963
0.181979
0.181998
0.182128
0.182078
0.182127
0.182198
0.182179
0.182147
0.182128
0.182109
0.182103
0.182116
0.182255
0.182151
0.182064
0.181999
0.181955
0.181953
0.181906
0.181965
0.181987
0.182051
0.182099
0.182097
0.182165
0.18212
0.182144
0.182129
0.182105
0.182151
0.182196
0.182188
0.182137
0.182296
0.182291
0.182339
0.182332
0.182391
0.182329
0.182457
0.182516
0.182528
0.182549
0.182552
0.182539
0.182505
0.182514
0.182485
0.182507
0.182439
0.182505
0.182443
0.182336
0.182356
