0.955684
0.964672
0.975772
0.979096
0.980712
0.981554
0.9821
0.981802
0.982188
0.984846
0.984922
0.985312
0.98624
0.986404
0.986984
0.987124
0.987148
0.9869
0.987156
0.987406
0.988464
0.988516
0.989054
0.989232
0.989222
0.989422
0.989552
0.989454
0.98965
0.989844
0.989768
0.98975
0.99005
0.99003
0.99002
0.990136
0.990172
0.990214
0.990198
0.990132
0.990152
0.990212
0.990048
0.989648
0.988664
0.98872
0.98872
0.988756
0.988876
0.988876
0.989348
0.989324
0.989304
0.989392
0.989372
0.989396
0.98934
0.989264
0.989256
0.989216
0.989232
0.98924
0.98928
0.989316
0.989292
0.9893
0.989332
0.98938
0.989328
0.989348
0.98934
0.989332
0.989316
0.989312
0.9893
0.989832
0.989832
0.989836
0.989844
0.989836
0.990348
0.990316
0.990312
0.990264
0.990116
0.990132
0.99016
0.990168
0.99016
0.99012
0.990084
0.990068
0.990028
0.990048
0.99006
0.99008
0.990112
0.99014
0.990116
0.9901
0.990108
0.990124
0.990128
0.990108
0.990092
0.99008
0.990064
0.990068
0.990052
0.990012
0.98992
0.989932
0.989932
0.989948
0.989896
0.989916
0.989876
0.98992
0.989948
0.98996
0.98994
0.989916
0.989876
0.989868
0.989868
0.989888
0.989868
0.98988
0.989856
0.989684
0.98962
0.989608
0.98954
0.989516
0.989508
0.989508
0.989536
0.989536
0.989548
0.989484
0.9895
0.989556
0.989584
0.989584
0.98956
0.989608
0.989588
0.989592
0.989456
0.989476
0.989324
0.989336
0.98932
0.989388
0.989368
0.989368
0.989376
0.989372
0.989388
0.989396
0.989392
0.989432
0.989436
0.98922
0.989228
0.989164
0.989152
0.989192
0.989204
0.989244
0.989204
0.989148
0.989112
0.989276
0.989328
0.989316
0.989316
0.989292
0.989296
0.98932
0.989324
0.989296
0.989312
0.989264
0.989324
0.989316
0.989316
0.989312
0.98934
0.989332
0.9893
0.989336
0.989404
0.989408
0.98942
0.989472
0.989476
0.989468
0.989484
0.989472
