1499.81
1255.25
1055.66
883.615
751.052
639.456
546.273
465.369
392.748
347.959
299.412
260.228
229.96
210.066
195.499
172.69
153.428
141.467
124.963
121.76
114.326
101.337
94.8263
86.2042
80.4056
75.7158
90.5381
71.3525
66.9963
64.9892
69.0025
64.086
62.2333
58.0194
57.4587
57.8005
54.676
50.2884
47.4027
51.9709
47.0718
46.2765
48.8141
50.6654
47.3217
45.8453
45.2203
45.7712
45.2044
38.6908
40.6289
44.1308
45.8515
40.7196
39.1025
40.453
39.7216
40.6515
42.0637
38.9027
37.5425
34.1683
40.3956
36.8951
37.9478
35.4145
36.154
37.7273
34.5434
33.8161
36.9704
35.751
33.0064
35.777
35.0182
35.3865
33.1833
34.2783
34.6226
34.1542
33.9709
32.7054
34.7521
31.1332
32.9654
31.0602
33.9362
29.6239
32.1631
31.2735
29.7449
30.2389
29.9353
30.7345
28.739
29.7001
30.5977
27.3892
30.8722
27.6113
27.5105
27.398
27.1083
29.6715
28.7087
27.447
26.3879
27.1881
26.566
28.5264
26.6029
28.8251
25.11
26.0956
26.212
27.5021
26.7868
24.9906
25.515
24.3725
23.7321
25.3512
24.5368
23.1706
24.758
22.5822
23.7414
21.712
22.3159
23.0372
22.7557
21.3176
23.2268
22.6035
22.1576
21.5517
21.9543
23.2045
20.5613
20.4861
21.5812
22.2038
21.6143
21.3685
20.205
19.6978
20.2213
20.5607
22.0433
20.3219
20.1205
20.7878
21.1614
19.7973
19.9564
20.5217
19.4154
18.5593
20.2294
20.4004
19.4268
19.9552
18.4072
19.4222
18.7025
20.845
18.7086
19.1146
18.65
18.8811
18.9719
18.0452
18.5496
18.7419
17.7408
18.2992
17.1491
17.6865
16.5783
17.6456
17.3905
17.4117
17.2143
16.931
16.638
16.2672
16.3511
16.1642
15.6812
15.2337
16.1312
15.1594
15.8326
15.4808
15.3535
14.2846
15.0434
15.3192
14.912
15.6464
