0.362156
1.0085
0.00727332
0.99223
0.988049
-0.0359348
-0.0132645
-0.0201493
-0.0261026
0.00188418
0.992601
0.990022
-0.108865
1.01661
0.14158
0.958259
1.01405
0.995184
1.01922
0.999308
0.0169735
1.00148
0.999127
0.990882
1.05189
0.0454136
0.939493
1.00577
0.18718
0.621435
1.22873
0.821782
0.0100482
1.04857
0.999902
0.989743
0.0773371
1.00374
0.121363
0.0140534
1.05499
0.0041055
0.931995
1.02241
-0.00389363
-0.0483758
0.948568
-0.0200899
0.950143
0.0442372
-0.0141308
-0.0144549
-0.00268058
-0.00815242
1.00254
0.974204
0.0717158
0.00727843
0.214898
0.939984
0.944125
-0.00383407
-0.033677
0.92371
-0.107274
0.0320341
0.994678
0.996503
0.867557
0.973821
-0.0686471
0.0160493
0.174305
1.04758
0.778704
1.04479
-0.0003138
0.0103115
1.01008
0.999362
0.144791
1.00832
1.06064
1.05917
0.302208
0.982212
-0.0613678
1.01297
0.393394
1.05608
0.857649
0.604014
0.0130715
0.00769386
0.995524
0.213377
0.994048
0.103256
0.508567
1.00258
0.107989
-0.00678761
0.442315
0.998421
1.11428
0.964801
-0.0485809
1.00785
0.95145
-0.0453393
0.780113
0.194447
0.783985
-0.00585723
1.034
1.00798
0.04621
-0.0124095
-0.0365882
1.00437
-0.122892
0.960664
0.397633
0.841665
-0.115584
-0.00193911
0.981107
0.0178959
-0.0155947
0.256575
-0.0668968
-0.0241857
-0.0112954
0.78825
-0.00970294
0.987258
1.08597
1.00097
-0.0187202
0.862113
1.03066
1.07764
0.043387
0.990371
0.963812
0.560049
-0.079933
1.09876
1.02555
0.116443
0.972313
0.0723153
1.00471
1.00436
0.979177
-0.0177891
1.00386
0.0442897
0.997603
-0.00299225
0.999519
0.0791113
1.02715
0.302877
0.655098
0.123641
0.228364
0.0557527
0.989122
0.970177
0.994863
0.997268
-0.122545
-0.128905
0.960997
0.999577
1.0012
0.874172
1.01238
0.0539556
-0.029464
0.998384
0.077561
-0.0275879
0.0569542
1.00923
0.965949
1.14501
0.99532
0.00137721
1.01154
0.610954
1.00481
-0.0349446
0.968808
0.17255
0.0138569
-0.0236198
0.983144
1.05936
1.02931
0.945765
-0.0119207
0.970339
-0.00829564
-0.0886991
0.994735
0.0336585
0.999877
0.2592
1.06696
0.013692
1.07693
1.00764
-0.0456444
0.00054216
0.803183
0.00478478
0.99726
0.0465997
1.19172
0.857257
0.0340092
1.08498
-0.020353
-4.82765e-05
1.04973
0.976677
0.185257
0.734044
-0.00200756
-0.0169645
0.984826
-0.01688
0.00586336
0.0228648
0.113861
0.98976
-0.0434633
0.546569
0.873811
0.523807
-0.0742578
-0.0225229
0.0218605
0.619552
1.06439
0.399667
1.00993
0.783056
0.898304
0.999715
0.980136
-0.0545142
0.735429
-0.00507482
1.02424
0.827946
0.0362014
1.00647
1.00634
-0.0960887
0.0306216
0.613778
-0.0135229
0.904915
0.0126081
1.02104
0.78683
0.199862
0.0422745
0.0108765
0.789492
0.148629
-0.0211866
0.027453
0.0522886
1.01021
1.03141
1.01109
1.00395
1.04461
-0.0218757
0.984559
-0.0287428
-0.145659
0.128332
1.00595
0.0234195
1.01067
-0.000295516
0.154895
0.205696
1.03125
0.0356326
1.01254
1.06779
0.598938
1.2901
0.443651
1.01225
1.02537
-0.0270676
0.100942
-0.0210199
-0.0261683
-0.00798089
0.966883
0.281272
0.870973
1.00784
1.02911
0.112939
0.0784667
0.798561
0.996838
-0.00330182
0.0661379
0.999036
0.0773214
-0.00959378
0.0699737
0.996682
0.00757881
1.10043
0.0599117
1.03747
0.972275
0.181236
0.0772391
0.969238
0.0838605
-0.000295957
0.695156
-0.0245213
1.00908
1.12629
0.22564
0.977961
1.00062
0.941541
0.987063
0.926638
0.18668
-0.0128667
0.343204
1.02337
1.00776
1.0343
0.0248331
0.979229
0.00109951
1.00807
-0.192297
0.0114446
0.0844812
1.02436
1.01417
1.00121
0.357354
0.949323
1.00223
0.994216
0.249993
1.04099
-0.00900298
0.13763
1.03447
0.275938
1.00716
0.0453289
0.122096
0.969587
0.626298
0.0257373
-3.36457e-05
-0.0535128
1.05312
0.942027
-0.0185133
0.830791
1.00736
0.973771
0.110223
0.328757
0.0210982
-0.0206677
0.408556
0.88289
0.587092
0.146429
0.993054
0.971382
0.0245279
-0.0710321
0.0336342
1.00402
0.0225897
0.682091
1.02037
0.984904
1.06024
-0.00794037
0.987258
0.98032
0.351035
-0.0561741
0.0572733
0.0972789
0.360451
-0.106076
0.980394
-0.0180916
0.0696181
0.918443
0.995782
0.700209
0.034208
0.170555
0.0185113
0.983696
1.0014
1.00432
0.166513
1.02731
0.008105
1.0021
0.901738
-0.0103332
0.0866884
0.689207
-0.022707
-0.0112845
1.12582
0.0343816
1.06765
1.02305
0.989761
0.999176
1.0026
0.00744635
0.00535595
-0.0139453
1.03838
1.0029
1.03995
0.933449
0.0476413
0.0407939
-0.0700329
-0.0281333
1.02745
-0.0554753
0.955026
0.312592
0.683861
0.133251
-0.00190664
0.999187
-0.0460941
0.000907006
0.992254
0.757853
0.227889
0.981553
0.324349
0.963001
-0.0042322
0.977531
-0.00316626
0.904375
-0.00965133
0.0455655
1.04582
1.00616
0.946332
1.0114
0.0201311
-0.0343168
0.973804
0.941977
0.701384
-0.466877
-0.0150796
1.00783
0.97151
0.359246
0.835023
1.02682
0.0121248
0.00609073
0.982991
0.793036
0.056411
-0.0117201
1.0203
0.751564
1.00675
1.0017
-0.0311905
0.547934
1.07588
0.72342
-0.0511128
0.456503
0.102484
0.153051
1.02437
0.195556
0.978912
0.0511442
0.912224
1.00613
0.0812624
-0.00688301
-0.00433301
0.0154688
0.0134796
-0.0416274
-0.0119471
0.0393609
-0.015112
0.883861
0.99991
0.626566
0.00116377
-0.0180449
1.01123
0.604758
0.883588
0.0459405
-0.0155669
1.02567
0.239854
0.813599
1.01745
-0.0504895
0.992743
-0.073411
1.06995
-0.130725
0.880181
-0.0116991
0.0377228
-0.0514641
-0.109866
1.02209
0.983396
0.957083
0.954472
0.98439
-0.0320459
-0.0103569
-0.0123856
1.06451
0.107767
0.867046
0.679391
0.0979222
1.00097
1.01612
1.00798
0.991458
-0.00474368
-0.0262107
0.939101
0.0099275
-0.0146715
0.00691705
0.00285484
0.795157
1.07816
-0.075431
0.98994
0.958918
0.172512
0.995864
0.613878
0.982475
-0.00188623
-0.0350395
0.000833924
0.0281035
0.568907
0.954542
-0.00164806
0.041854
0.0179252
1.03201
0.931607
0.998531
0.0658607
-0.0109022
-0.117425
0.0989183
0.949571
-0.0604602
0.628561
1.06261
0.0952476
0.49684
0.930912
-0.00827065
1.00662
0.0629745
0.0610332
-0.0104883
-0.169887
1.00018
0.881853
0.774034
0.966658
1.01132
0.0211674
0.985102
-0.0713352
-0.00656415
-0.0890558
-0.0110245
0.85643
0.0148553
-0.141393
-0.0654175
0.176431
0.968718
0.86145
0.981558
0.068731
-0.0439161
-0.567647
0.092449
0.951304
0.94144
0.00224421
1.00996
1.00555
-0.0471385
1.01451
1.02075
1.15849
-0.107723
1.05218
0.259113
0.3381
0.549136
-0.00881811
-0.00454426
0.95651
0.0268706
1.00746
-0.00643993
0.0137191
-0.124557
0.97521
-0.0174806
-0.00474779
0.0891771
-0.112665
0.00677411
1.02205
1.02831
1.1478
1.09644
0.0369748
0.0922357
-0.0328934
1.0034
-0.0773334
-0.0368113
1.03227
0.148299
0.021037
0.988293
1.01333
-0.0239381
0.00552528
0.0958762
1.0373
0.115825
0.748485
-0.0144969
1.11863
0.0566524
0.972718
1.05857
-0.0200963
1.12891
0.454799
0.939924
1.02185
1.01484
0.0392013
1.0063
0.982007
0.00767141
-0.0240461
0.0147592
0.164585
0.974966
0.0266034
0.967205
-0.00829261
0.0551676
1.05425
0.154921
0.000974189
0.768678
0.999675
0.0184541
0.00588874
0.941195
1.00757
0.0590073
-0.057048
1.11703
0.107982
0.180069
-0.01188
-0.00528351
1.00548
0.991889
1.01355
0.994018
0.948736
1.02729
0.977195
-0.00366889
0.19125
1.01676
0.00698323
0.981946
1.07013
1.00177
1.23148
-0.0237932
0.0128609
0.161009
1.01592
0.995013
0.988073
0.0742368
0.0130373
0.036509
0.013614
1.00896
0.0207457
0.991337
-0.0418714
1.00847
-0.0474731
0.0779717
0.981038
0.019298
0.980931
0.026556
0.894927
1.0147
0.0181338
1.08055
0.968877
0.883448
0.351338
0.933217
0.095734
0.984152
1.06432
-0.0243994
1.01727
-0.00431783
0.608706
-0.00290735
0.0105833
0.985998
1.00184
0.109878
0.991674
0.143413
1.0865
0.992392
0.0870032
-0.0123969
0.0195749
0.354621
-0.0414119
0.0801779
0.811835
0.000458666
0.105521
-0.00323072
0.0283948
-0.00313015
0.00600107
0.969085
0.044742
1.04706
0.00148228
0.994996
0.927734
-0.0170604
0.995507
-0.021418
1.01523
-0.0314972
0.25542
-0.0163228
0.952466
1.02141
0.674763
0.00542326
0.0449267
-0.0928013
1.02203
0.0995301
1.02075
1.07787
0.813376
0.0746088
0.050796
-0.0460818
0.927941
0.832788
0.330013
1.00637
1.00462
-0.0617558
0.127496
0.999483
-0.0165728
-0.0849257
1.01328
-0.017488
0.997097
0.0224594
0.262002
0.718393
1.00477
-0.0242947
-0.000159559
-0.00242429
0.996353
0.974599
0.149555
0.00524805
0.936859
0.915776
1.0223
0.0359235
0.0219283
1.05935
-0.00762753
-0.00713934
0.0167233
0.306595
0.0232396
1.01101
0.00976044
0.0711098
0.98855
0.954571
0.947793
0.215887
0.983487
0.0643707
0.0592247
-0.0261271
0.832657
1.08762
0.0294813
0.933839
0.969829
0.943606
0.0237885
-0.0103705
0.973229
-0.0314811
1.02116
0.0371611
-0.0206892
1.31205
0.692355
-0.0264978
-0.223957
-0.00563124
0.917962
0.672661
0.847157
-0.042198
0.990346
0.867489
1.01943
-0.00392019
0.779819
1.06715
0.64882
0.160595
0.35041
1.06798
-0.118617
-0.0368573
-0.0222382
-0.0686995
0.0104666
0.0283694
0.0387941
0.949899
0.363582
0.0375772
-0.0355066
0.879346
0.335082
0.96038
0.998632
0.470074
1.04026
0.00715582
-0.0134819
0.117688
-0.0100839
1.03762
0.994292
1.0583
0.988135
1.05721
-0.0212392
1.01945
0.422767
0.777084
0.125271
-0.0720963
0.135683
0.0216345
0.0100668
0.0375397
-0.0432907
1.13824
-0.079631
0.998384
0.941834
1.02545
-0.127458
0.0106454
0.699841
0.0424895
1.01809
0.0642965
1.0646
0.22958
1.00436
-0.0540811
0.97925
0.378753
1.02527
0.229766
-0.03268
0.967165
1.05985
0.0278732
0.989808
0.993597
1.00438
-0.0569988
1.11421
-0.0631966
0.93095
0.979151
-0.0365331
0.932394
1.02544
0.971045
0.101571
0.321589
0.999481
9.26029e-05
1.03634
0.00864172
0.0111509
-0.0577422
0.985939
0.74024
1.01648
0.990901
0.666009
0.11253
0.980581
0.0406343
0.139118
0.497049
0.979595
1.01326
0.432528
-0.0245574
1.14933
0.00145117
0.745114
0.0102878
-0.0247834
0.832378
0.991624
-0.021969
-0.00906866
