0.941632
0.95604
0.972484
0.978332
0.980062
0.983118
0.985544
0.987344
0.98843
0.98897
0.98894
0.98892
0.989034
0.989354
0.989388
0.990146
0.990254
0.990328
0.990268
0.99054
0.990632
0.990684
0.990174
0.990816
0.990848
0.990632
0.9917
0.99171
0.991714
0.992052
0.992092
0.992216
0.992096
0.99212
0.992146
0.992278
0.99219
0.992202
0.992206
0.992254
0.992184
0.992168
0.992132
0.992176
0.992168
0.99224
0.992292
0.992236
0.992276
0.992324
0.992304
0.992356
0.992416
0.992372
0.992396
0.992464
0.99248
0.992472
0.992452
0.992412
0.992404
0.992428
0.992452
0.992472
0.992456
0.992468
0.992424
0.99244
0.992444
0.992452
0.992496
0.992452
0.992628
0.992632
0.992604
0.992612
0.992616
0.992612
0.992608
0.992424
0.992452
0.992444
0.992332
0.992348
0.99184
0.991844
0.99184
0.99182
0.991824
0.991772
0.991768
0.991704
0.991724
0.991752
0.991756
0.991732
0.991728
0.991712
0.99172
0.991752
0.991752
0.991712
0.991716
0.991708
0.991708
0.991728
0.991708
0.991692
0.991692
0.991712
0.9917
0.991728
0.99176
0.991776
0.9918
0.991828
0.991808
0.991788
0.991776
0.99176
0.991748
0.991732
0.99172
0.991732
0.99174
0.99174
0.991696
0.991628
0.991468
0.991468
0.99148
0.9915
0.991516
0.991512
0.991472
0.9915
0.991524
0.99148
0.991484
0.99152
0.991524
0.991532
0.991508
0.991496
0.991504
0.991476
0.991496
0.991512
0.991524
0.991524
0.991508
0.99152
0.991504
0.991492
0.991512
0.9915
0.991504
0.991524
0.99154
0.991544
0.991548
0.991588
0.991588
0.9916
0.9916
0.991572
0.991556
0.991552
0.991556
0.991544
0.991564
0.991548
0.991524
0.991516
0.991548
0.991536
0.99152
0.991468
0.99146
0.991492
0.991512
0.991528
0.991484
0.991492
0.991496
0.991536
0.991544
0.991548
0.991552
0.991552
0.991572
0.991588
0.991624
0.99162
0.991616
0.991592
0.991564
0.99154
0.991528
0.991524
