1499.81
1252.34
1049.53
877.963
747.364
632.678
538.108
460.81
389.621
344.614
291.935
255.775
222.187
203.751
186.026
166.05
147.013
134.351
118.587
114.376
106.499
96.41
90.1497
80.8487
74.6894
69.8367
82.2778
66.0516
62.7552
60.2238
63.1595
59.7514
58.0793
54.3849
54.6782
53.1062
50.3643
46.5249
44.1787
46.7723
42.5042
41.5049
44.1916
46.1397
42.716
41.7472
41.8962
40.972
38.9168
35.9608
36.9451
40.8403
40.6509
37.5655
37.0492
36.4417
35.8257
38.365
38.6366
35.5366
34.2927
32.2687
36.1441
34.5061
35.4493
32.7461
32.6742
34.1817
31.4271
31.9296
33.0341
32.6414
29.8744
33.1779
31.8156
31.3633
30.3371
31.2596
30.8027
31.3294
30.5787
29.5525
30.9453
27.5509
29.3649
28.7847
29.5392
27.5981
28.674
28.5336
26.5005
27.425
26.6955
26.7397
25.7582
26.3781
26.3299
24.5453
26.8068
24.5216
24.4577
24.3957
24.5442
26.192
25.2443
24.168
23.8841
24.0996
23.5698
25.617
23.9848
25.1833
22.7256
23.0632
24.5541
25.095
23.6485
22.3718
22.459
22.1806
20.8643
22.5139
21.9379
21.3897
22.043
20.3474
21.1413
19.5802
20.1764
20.6895
21.2864
19.1099
20.8234
20.2629
19.6485
19.8793
19.7966
20.4194
18.5938
18.6276
19.1467
19.8506
19.2212
19.6667
18.1575
18.0893
18.4622
18.4068
19.1325
18.373
17.6133
18.4794
18.2722
17.0013
17.7714
18.0654
17.2608
15.9817
17.4356
17.714
16.826
17.5816
15.7481
16.3464
16.3749
17.0822
16.3354
16.5737
15.922
15.9754
16.435
15.1601
15.5057
15.8591
15.229
15.5651
14.8124
14.7033
14.5216
14.4473
14.9659
14.8415
14.8944
14.774
14.2427
13.8965
14.2238
13.8453
13.686
13.2491
13.5069
13.4356
12.8407
13.4438
12.6704
12.3649
13.1027
12.6763
12.4528
13.0571
