64649242
99681574
133300828
164564060
197013434
231207421
264000559
300043551
331064422
363220868
395475635
428701374
459983191
493492068
521965234
556202366
587714076
614617283
645594925
673061354
712005068
739486845
766833724
800256946
830007973
871239317
906840441
931974459
961851973
996447939
1027022135
1050154054
1086136436
1114250628
1151030382
1174061316
1197285269
1222905340
1241661421
1259634642
1280037362
1297723821
1312285303
1327112469
1344949828
1364528501
1378825219
1395267601
1413606761
1430245525
1448316916
1459331415
1472251477
1486111464
1498761325
1509890271
1522427172
1539773064
1555572485
1566626847
1578196690
1590815820
1601900554
1612971630
1624461917
1639632447
1650367651
1667071772
1678553970
1690383723
1706142999
1719009268
1733663511
1746068642
1760176425
1771782168
1785410126
1797777848
1812405300
1824301545
1837969569
1850978196
1864143121
1879316355
1893233281
1906102076
1917260881
1928006214
1940144225
1951114753
1964180400
1977050897
1989454202
2003902435
2016573723
2029944981
2044250585
2054868652
2066752589
2077925392
2090294660
2102543772
2115973032
2126196044
2141241395
2157307611
2170915716
2181064726
2192046096
2203473121
2214324034
2227968266
2239746159
2254937384
2266243195
2280882946
2294595284
2305299280
2317671999
2330486756
2341245993
2352331152
2371875191
2386719771
2397111307
2410058605
2423436209
2434563357
2445339860
2457465315
2467507344
2479189086
2495620760
2508616021
2524872037
2535625692
2550265367
2563880076
2580903902
2597522682
2608968188
2622487625
2632990607
2645056778
2660325008
2674360702
2688024525
2700999407
2712973136
2724893939
2737397026
2748214481
2760438477
2775120816
2789984621
2804508363
2816616493
2829880796
2846184483
2858488582
2868311355
2883604206
2896005581
2906702199
2918024748
2930403669
2942544616
2956025080
2968627141
2982612668
2998214266
3008997392
3025438443
3037261553
3050107114
3062294250
3079951717
3094256277
3113552419
3130317772
3140521439
3153749006
3168333926
3183411765
3198471491
3212513310
3229971793
3242208535
3261364456
3275183405
3287813173
3301050282
3311104185
3326632468
3340544840
3352387603
3366185010
3377406993
3394338884
3409936736
