0.953292
0.96847
0.97564
0.977876
0.979084
0.982016
0.983868
0.98485
0.984956
0.985248
0.985376
0.985766
0.986354
0.986646
0.986698
0.988712
0.990146
0.990118
0.99035
0.990322
0.990904
0.99094
0.991076
0.991278
0.992222
0.99199
0.992008
0.992044
0.992528
0.992632
0.992828
0.992764
0.992816
0.992836
0.992868
0.993012
0.993
0.993032
0.993044
0.993064
0.99308
0.993136
0.993152
0.993172
0.992696
0.992732
0.99276
0.992748
0.992832
0.992848
0.992856
0.992896
0.992892
0.99284
0.992848
0.992848
0.992808
0.992808
0.992844
0.992772
0.99276
0.992668
0.992668
0.99268
0.99264
0.992628
0.992608
0.992648
0.992692
0.99272
0.992664
0.992652
0.992672
0.992704
0.992692
0.992672
0.992656
0.992652
0.992644
0.992596
0.992588
0.992592
0.992592
0.992552
0.992664
0.992672
0.992688
0.992728
0.992724
0.992708
0.992712
0.992692
0.992704
0.992684
0.992684
0.99268
0.99266
0.992644
0.992648
0.99264
0.992648
0.992664
0.992664
0.992656
0.992644
0.992652
0.992632
0.992612
0.992624
0.992652
0.992676
0.992688
0.992676
0.992672
0.992664
0.992672
0.992736
0.992748
0.992744
0.992696
0.992684
0.99266
0.992652
0.992664
0.992672
0.99266
0.992664
0.992664
0.992592
0.992584
0.992588
0.99258
0.99252
0.992536
0.992512
0.99252
0.992496
0.992512
0.992512
0.992488
0.992468
0.992508
0.992496
0.992496
0.99248
0.992492
0.992496
0.992484
0.99248
0.992464
0.992468
0.992448
0.992452
0.992456
0.992472
0.99244
0.992456
0.99252
0.992508
0.992532
0.9925
0.992504
0.992476
0.992476
0.992472
0.992448
0.992452
0.992424
0.992432
0.992464
0.992468
0.992428
0.992412
0.992416
0.992404
0.992392
0.992396
0.99242
0.992392
0.992392
0.99238
0.992324
0.992308
0.99228
0.992312
0.992324
0.99232
0.99232
0.992312
0.992332
0.992328
0.992352
0.992416
0.992412
0.992464
0.992436
0.99244
0.992424
0.99244
0.99246
