0.941632
0.95604
0.972612
0.977828
0.980458
0.983104
0.983642
0.985956
0.986888
0.987594
0.98758
0.989162
0.989336
0.989482
0.989478
0.989806
0.990378
0.990394
0.990532
0.99068
0.990826
0.991212
0.991326
0.991386
0.992406
0.99237
0.99264
0.992754
0.992852
0.99292
0.993
0.993048
0.99284
0.992856
0.992888
0.992864
0.992948
0.992996
0.993076
0.99308
0.993088
0.993076
0.993024
0.993032
0.993044
0.99304
0.993084
0.99312
0.993116
0.993112
0.993108
0.993112
0.99312
0.993132
0.993156
0.9932
0.993192
0.993188
0.99314
0.993084
0.993112
0.993104
0.9931
0.9931
0.993096
0.993076
0.993112
0.993084
0.993064
0.993064
0.993076
0.993064
0.99308
0.993056
0.993012
0.99304
0.99304
0.992992
0.992976
0.99292
0.992956
0.992972
0.992956
0.992952
0.99294
0.992992
0.992984
0.992952
0.99296
0.992936
0.992964
0.992992
0.99298
0.99302
0.993028
0.993036
0.993024
0.993016
0.992992
0.992976
0.992976
0.992972
0.993008
0.993
0.99298
0.993048
0.993044
0.99302
0.993
0.993012
0.993
0.993012
0.993012
0.99302
0.99304
0.993052
0.99306
0.993064
0.993072
0.993088
0.992608
0.992588
0.99258
0.992612
0.9926
0.992596
0.992592
0.992568
0.992544
0.992544
0.992544
0.992544
0.992536
0.992528
0.992524
0.992528
0.992516
0.992492
0.992476
0.992496
0.992464
0.992456
0.992464
0.992468
0.992376
0.992312
0.99228
0.99226
0.992224
0.992232
0.9922
0.99218
0.992192
0.992212
0.992192
0.992204
0.992204
0.992236
0.9922
0.992216
0.992224
0.992224
0.992288
0.992324
0.992344
0.992312
0.992308
0.992296
0.992296
0.992288
0.99228
0.992284
0.992276
0.992288
0.992308
0.992304
0.992232
0.99226
0.992264
0.992252
0.992244
0.992228
0.992244
0.992236
0.99224
0.9922
0.992208
0.9922
0.992208
0.992192
0.992192
0.992196
0.992188
0.9922
0.992184
0.9922
0.99218
0.992176
0.992196
0.9922
