65203982
101187295
134755198
169475210
201985978
238061311
269647498
308260391
339427320
375951744
406192167
439903851
474541976
505902556
538593515
573052010
606864964
635043241
670074411
700188837
737533834
766400918
803108598
829891949
856850583
890871972
933438222
956759045
992231698
1026602564
1057806287
1081531077
1107277676
1123409985
1144192635
1170266059
1193954635
1224237647
1238015397
1251749385
1268965680
1283863810
1301813801
1317389919
1330401163
1343262303
1354512501
1370050806
1386960059
1397888055
1415649306
1426438589
1440789570
1453340279
1464202240
1474573449
1493688364
1507625434
1521808361
1532492219
1543166533
1555683039
1566539414
1577076419
1588031280
1599034692
1609252955
1620802906
1643052847
1654847083
1667167041
1678790878
1691051468
1701543124
1711628065
1725272434
1737114504
1756228380
1765213049
1776805861
1789957529
1802007347
1813329537
1827950864
1838738106
1850404875
1863291654
1874062571
1883644609
1893933789
1907173746
1919719181
1932057537
1947157283
1959706958
1974532570
1985534582
1996707179
2009067938
2020178153
2030887482
2041846631
2058689499
2070477383
2082354053
2096699664
2106918687
2118369154
2129281653
2141092519
2154778445
2168730673
2178908738
2189559027
2201934325
2217085880
2231759560
2245784917
2260985610
2271861368
2282078205
2292519294
2303505544
2319212079
2329468584
2341608165
2352639676
2364302806
2375166117
2386726443
2396970401
2408349626
2422925824
2432779465
2443240411
2453470005
2466159413
2477394874
2490141569
2501330596
2512219528
2524367652
2535111594
2546455502
2561413345
2581156929
2599491548
2613204105
2625314582
2637658078
2655144190
2665964385
2676790268
2688511477
2710486257
2722019993
2734148917
2745992454
2756623048
2768917693
2780731501
2792681423
2805072634
2816239001
2827170096
2840929749
2851854439
2863862303
2876144343
2889163487
2901144164
2911068981
2921654865
2933658931
2945279585
2955087909
2969039982
2980219778
2992590617
3004059067
3019358934
3031753534
3043095170
3054840388
3069495236
3081466155
3094448705
3105777145
3129462032
3141791500
3153730392
3168000293
3185402552
3196858473
3207191972
3220649543
3232032651
3243790988
3255828726
3269005442
