0.644418
0.588769
0.537355
0.491869
0.451649
0.416128
0.385322
0.357489
0.332599
0.310779
0.292409
0.276727
0.262936
0.250558
0.240719
0.230694
0.222871
0.216918
0.211364
0.205985
0.201727
0.198642
0.195299
0.193079
0.191212
0.189532
0.188217
0.186659
0.185698
0.184584
0.183758
0.183196
0.183102
0.182348
0.182284
0.181968
0.182018
0.181655
0.181516
0.181407
0.181545
0.181584
0.181295
0.181173
0.181138
0.180984
0.181029
0.180944
0.181045
0.180986
0.181148
0.180885
0.180999
0.180798
0.180943
0.181003
0.18121
0.181394
0.181547
0.18191
0.182051
0.18211
0.182362
0.182345
0.182365
0.182476
0.182352
0.182267
0.182166
0.182154
0.182131
0.182311
0.182372
0.182545
0.182551
0.182627
0.182689
0.182774
0.182757
0.182833
0.182738
0.182856
0.182929
0.182998
0.182958
0.182914
0.183081
0.183105
0.183253
0.183322
0.183351
0.183514
0.183686
0.183469
0.183375
0.183442
0.183489
0.183585
0.183592
0.183708
0.183777
0.183818
0.18385
0.183853
0.184077
0.183939
0.184035
0.183911
0.183921
0.183816
0.184089
0.184092
0.184134
0.184085
0.184235
0.184181
0.18411
0.184178
0.183882
0.183909
0.183931
0.184235
0.184316
0.184144
0.184184
0.184089
0.184121
0.184093
0.18437
0.18438
0.184465
0.184645
0.184769
0.184823
0.185009
0.185003
0.185074
0.185093
0.184879
0.185057
0.185248
0.185254
0.185264
0.185247
0.185229
0.185147
0.185208
0.185189
0.185208
0.185165
0.185117
0.185034
0.184955
0.184829
0.184886
0.185013
0.184917
0.185063
0.185003
0.185043
0.185045
0.185197
0.185153
0.185142
0.185097
0.184948
0.18495
0.18498
0.18505
0.185103
0.18515
0.18504
0.184996
0.185045
0.18505
0.185176
0.185278
0.18528
0.185278
0.185291
0.185278
0.185257
0.185255
0.185298
0.185341
0.185438
0.185496
0.185597
0.185585
0.185576
0.18563
0.185665
0.185642
0.185616
0.18557
0.185533
0.185545
0.185485
0.185454
0.185478
