1499.81
1255.25
1055.66
883.7
751.139
639.525
546.4
465.836
393.356
347.918
299.107
260.424
229.662
210.428
190.995
168.363
150.792
139.387
123.761
119.13
111.864
99.8811
94.17
85.7421
80.297
75.9555
89.5782
68.9191
67.5196
64.3664
68.1342
63.8274
62.8922
57.7063
57.1062
57.434
54.1479
50.7487
47.6485
52.4938
46.4399
45.472
48.8782
51.3251
48.0426
46.9813
45.388
43.9639
44.097
39.2706
40.6003
43.59
45.5315
41.1654
39.2458
40.9496
39.8428
41.8233
42.8602
39.441
38.7602
34.81
40.0475
37.4692
38.9071
35.7677
35.5436
37.9408
35.4005
34.4589
38.0134
36.7059
33.4077
36.2187
35.9076
35.3786
33.1899
34.6357
34.2696
34.6064
34.2249
33.7034
34.7399
31.3376
32.9491
31.354
33.7601
30.5044
31.8696
31.4761
30.2623
31.2065
30.1807
30.4
28.8573
30.0957
30.5715
27.722
30.9918
27.7222
27.0473
27.8377
27.366
29.8418
29.5007
27.3952
26.4088
27.4767
26.6824
28.7696
26.8335
28.9084
25.1307
27.0334
26.5175
27.9793
27.2302
25.6265
25.6286
25.0627
24.4139
25.7826
25.3585
24.1466
24.84
23.0942
23.6889
22.2425
22.3665
23.6529
23.3963
21.7232
24.1368
23.2079
22.8642
21.9391
22.9543
23.5213
20.8132
20.73
21.634
22.0592
21.3519
21.8345
20.5718
19.9932
21.0658
21.2559
21.6284
20.4952
19.9708
21.0127
20.7621
19.6307
20.1114
20.7838
19.724
18.6681
19.842
20.1223
19.5647
19.7085
18.5564
19.0573
18.5004
20.294
18.7015
18.7047
18.4761
19.1176
18.7876
17.4948
18.501
18.7627
17.2029
17.9862
17.0649
16.9772
16.4232
17.2323
16.5555
17.1304
16.9187
16.9112
16.7057
15.9964
16.5359
15.8254
15.2347
14.819
15.4209
15.1962
15.096
15.1997
14.8526
14.0522
15.0132
14.7963
14.8837
15.6496
