0.640348
1.0245
0.115345
0.995019
0.976601
-0.0267312
-0.0169934
0.00604599
-0.0358975
-0.00518725
1.00908
1.04714
0.176654
1.02016
0.117605
0.917932
0.801552
1.06679
1.03592
1.00226
0.0486038
1.01679
1.00402
1.02004
0.991409
0.00970472
0.953522
1.00434
0.271563
0.500704
1.20302
0.852903
-0.0129521
1.03392
1.03503
0.999339
0.098473
1.00281
0.0726435
0.0204576
1.00253
0.00261857
0.946193
1.02823
0.00228682
0.0312137
0.994753
-0.0126858
0.80248
-0.00140054
0.00497409
0.0104986
0.0357862
-0.0408426
1.01378
0.973334
0.00689778
-0.00289473
0.408275
0.959916
0.980959
-0.00455196
0.0084024
0.895026
-0.0633259
0.0402936
1.0122
0.995809
0.868771
0.916355
-0.0347452
0.0774132
0.167207
0.968121
0.632253
0.994761
0.0594099
-0.0377439
1.01925
1.02184
0.0865898
1.00783
0.984013
1.05189
0.158253
0.960522
0.0259267
1.0253
0.417578
1.02072
0.95077
0.885117
0.030332
-0.0417105
0.988602
0.0649492
0.990699
0.120662
0.444015
1.01277
0.0957754
-0.0179184
0.844854
0.979726
1.00744
0.902711
-0.0534407
1.00355
0.995066
-0.00193009
0.579826
0.113343
0.789168
0.0198166
0.933729
1.01258
-0.0140816
-0.000239958
0.0151257
0.946893
-0.0233938
0.853847
0.645777
0.858035
-0.102515
-0.0248146
1.00353
0.0713665
-0.0134034
0.380129
0.0978069
-0.00423425
0.00215413
0.773179
-0.0264814
1.01316
1.06272
1.01681
0.0058987
0.799555
1.01816
1.04427
-0.0977424
1.02518
0.983291
0.605717
-0.0846801
0.981192
1.06455
0.034452
0.992281
0.126438
1.03368
1.05569
0.948643
-0.0329108
0.986738
0.0344556
1.00574
-0.0212303
0.993341
0.00955544
1.03281
0.192415
0.800951
0.0797451
0.36046
0.0740342
1.00976
0.982889
0.976035
0.984003
-0.0126432
-0.00116655
1.07512
0.981249
0.994711
1.01902
1.02083
0.0414697
0.0836314
0.993498
0.00402064
0.0920233
0.0334056
0.988103
0.960823
1.1768
0.947806
0.0222904
1.00055
0.555834
1.01522
-0.0318398
0.986239
0.106306
0.0477711
0.0477715
1.00828
1.01641
1.0174
0.931713
-0.0104439
0.997349
0.117034
0.018862
1.01087
0.0729428
1.00178
0.302088
0.932195
0.015116
1.07909
1.00464
-0.0882709
0.00142139
0.727764
0.000738738
0.996922
0.0557762
1.13609
0.912046
-0.00289977
0.996703
-0.00556732
0.0110925
1.05817
0.858019
0.177086
0.722542
0.00354728
-0.102456
0.996295
-0.0780138
-0.00621435
0.0234197
-0.0215323
0.999614
-0.0547614
0.560414
0.990921
0.476816
-0.0659189
-0.00838079
-0.0597172
0.630761
1.01494
0.165229
1.01341
0.908148
0.800315
0.969223
1.06178
-0.00214387
0.74999
-0.0313805
0.999278
0.830757
0.130085
1.00919
1.00297
-0.0686491
0.0336563
0.469685
-0.0121687
0.911842
-0.0222468
1.03097
0.542565
0.310181
0.0165607
-0.0363516
0.767172
0.359284
-0.0114104
-0.00357127
0.0319911
1.00915
0.993947
1.04061
1.00918
1.08826
-0.0327695
1.00053
-0.0296782
-0.202163
0.0945681
0.979675
0.00829392
0.990903
-0.0677206
0.148787
0.155032
1.01615
0.00715502
0.999182
1.05096
0.607915
1.34037
0.499126
0.996836
0.999402
-0.0942957
0.140468
0.0178002
0.0301398
0.00250793
0.938746
0.248831
0.807398
1.05132
1.00962
0.0698842
0.0295807
0.842444
0.986485
0.0186965
-0.0282497
1.0058
0.0766378
0.0132809
0.084922
0.959251
-0.041927
1.11136
0.0834336
1.02766
1.02507
0.198251
0.0243465
1.00586
0.0475582
0.0206853
0.733747
-0.00324965
0.995564
1.15997
0.336945
0.980633
1.06792
0.986937
0.975276
0.954065
0.104873
0.0639909
0.348953
0.994143
1.00886
1.02697
0.0768092
0.99425
-0.014378
0.981418
-0.140413
0.016062
0.124042
0.998455
0.986593
0.86466
0.504503
0.993865
1.01135
0.996347
0.349702
1.05279
-0.0228063
0.229524
1.07311
0.308619
0.998604
0.0161573
0.0246908
1.01589
0.465246
0.0412055
-0.0113467
-0.0209854
1.01697
0.981396
0.200577
0.768195
0.94972
0.942753
0.106192
0.557369
0.00793073
0.0155995
0.595916
0.966824
0.440126
0.108298
0.98608
0.981057
-0.00698369
-0.0982346
0.0435075
0.96801
0.0395138
0.74244
1.0079
0.979945
0.931672
0.0145504
0.990021
0.997259
0.420201
0.0983523
0.107064
0.252876
0.30043
0.0423354
0.974754
0.0389776
0.0881351
0.876325
0.997052
0.529496
0.0825482
0.0592231
0.0189628
0.999417
1.0209
0.99075
0.15967
0.99343
-0.0622846
0.999774
0.872474
0.00390311
0.0941561
0.72014
0.0273193
-0.00427664
1.00234
0.0476065
0.978049
1.00939
1.01372
0.998987
0.995658
0.129689
0.0273845
-0.0154961
1.07951
0.980289
0.995616
0.766841
0.0144696
0.0418225
-0.0472648
0.00170875
1.01196
-0.0207517
1.03096
0.385625
0.806729
0.136523
-0.0530275
1.00122
0.0913734
0.0725427
0.781257
0.809125
0.0445618
0.97392
0.539197
0.989033
0.0205193
0.90146
0.0380089
0.923433
-0.018477
0.0141729
1.05641
1.02512
1.07197
1.00283
0.0865318
0.0112914
0.935348
0.966674
0.804353
-0.161713
-0.00937761
0.992611
0.984623
0.480818
0.837081
1.04858
0.0272621
0.00329064
0.958941
0.853885
0.00874104
0.000514227
0.996093
0.770596
0.995939
0.992593
-0.00279069
0.666642
1.167
0.838007
-0.0225782
0.514887
0.105754
0.262149
1.066
0.360573
0.988144
0.103538
0.914255
0.997544
0.109144
-0.00462291
-0.0120809
0.0264619
0.0103654
0.0229638
0.010314
0.103847
-0.00459642
0.786933
1.00106
0.811244
0.0441052
-0.0353246
0.997506
0.645252
0.877579
-0.0876652
0.0337258
0.962365
0.135598
0.920841
0.834356
-0.0283316
0.990099
-0.0337202
0.941347
-0.0490327
0.886852
-0.0200042
0.00132812
0.0786328
-0.0543576
1.04326
0.975847
0.994158
0.983812
0.980719
0.0347261
0.0042593
-0.0189901
1.04578
0.0566311
0.763698
0.611985
0.128932
1.02251
1.00818
0.999098
0.978561
-0.00442048
0.086934
1.01443
-0.0281289
0.136607
-0.0541805
-0.0492284
0.874878
1.05222
-0.0718396
0.97492
0.989266
0.203172
0.996597
0.518626
0.974838
0.0261758
-0.00723504
-0.00641516
-0.0138168
0.477121
0.923993
-0.0106327
-0.0207843
-0.00631079
1.03856
0.944211
0.982427
0.0466623
0.143634
-0.0326173
0.0104235
0.96516
-0.00599373
0.652311
1.1296
-0.0246897
0.412587
0.875906
-0.00336785
0.942332
-0.0281601
0.0323708
-0.0469054
-0.00633927
1.00749
0.982767
0.741209
0.970806
1.04534
-0.00654434
0.970238
-0.0154979
-0.00217569
-0.0497971
0.00688577
1.01334
-0.0150189
-0.0517524
0.0621993
0.108659
1.06306
0.695799
0.966545
0.112606
-0.00058115
-0.360621
0.0125957
0.831014
0.877719
-0.0320525
1.03577
1.057
-0.0197352
1.08534
1.02465
1.16785
-0.037712
1.04991
0.393557
0.362731
0.369116
-0.00256527
0.00788241
0.959383
0.117544
0.985433
-0.0244635
0.11145
-0.0365487
0.999466
-0.0184057
0.000485368
0.195521
-0.179612
0.0102839
1.00391
1.0051
1.07129
1.00137
0.0681783
0.242815
-0.0735862
1.00102
-0.104594
0.0142485
1.01557
0.227444
0.0662366
1.02394
1.03666
0.00490086
-0.00449947
0.0652684
1.10361
0.0338571
0.864675
0.00984102
0.867011
-0.0141002
0.901066
1.10176
-0.0522612
1.09613
0.367104
1.00895
1.1328
1.01871
0.0520971
0.991459
0.983904
0.0577687
0.00305077
-0.00393285
0.0958053
0.983054
-0.0661565
1.00814
-0.0098452
0.0011864
1.03004
0.0456709
0.134259
0.731251
0.987089
-0.012839
0.0566148
0.986665
1.00603
0.0462368
-0.00614913
1.00737
0.213509
0.251576
-0.0250851
0.0176455
1.00905
0.992412
1.01542
0.985124
0.9784
0.943467
0.861925
-0.0273747
0.0430973
1.02657
-0.00778597
1.05979
0.970193
0.996205
0.971914
-0.0317821
0.146705
0.270659
0.986314
0.997565
0.980266
0.0173657
0.0268819
0.0438534
0.0297922
1.03075
0.0460832
1.01883
-0.11932
0.991329
-0.044673
0.149564
0.918217
0.0668377
1.03871
-0.0222724
1.03043
1.04102
0.0881902
1.03709
0.976211
1.02009
0.368399
0.911069
0.197115
0.980665
1.01115
0.039874
1.00504
-0.0113049
0.574584
-0.00178935
0.000104114
0.984177
1.00534
0.118695
0.999595
0.0564648
0.969781
0.995355
0.102909
-0.0148521
0.067859
0.429742
-0.0980947
0.0725373
0.740515
-0.0673443
0.19267
-0.00690213
-0.0220453
0.00593107
-0.00594045
1.00446
-0.0342057
1.00137
0.0717804
0.987396
0.928292
-0.0154994
1.07362
-0.0229711
1.00495
-0.0210328
0.280498
-0.0275384
0.945692
1.0203
0.72635
0.0133122
0.16384
0.0106213
0.991764
0.0392618
1.01782
1.05911
0.958233
0.141032
0.035969
-0.0618721
0.929938
0.77218
0.345076
0.959107
0.990567
-0.00653287
0.0236608
0.9978
0.073715
-0.176167
0.989902
-0.0184619
0.998189
0.0247566
0.53521
0.5479
0.994292
-0.0486528
-0.000470474
-0.0123347
0.9869
1.00856
0.22115
-0.0096902
0.986809
0.705631
1.04279
0.0783884
-0.00686724
1.01914
-0.00247499
0.0151229
0.135256
0.446009
0.0116171
0.970259
0.0168045
0.0221328
0.985429
0.915668
1.00809
0.168307
0.993217
0.115239
0.0612416
-0.0336121
0.967266
1.00487
-0.00628725
0.918596
1.01925
0.926728
0.0585143
-0.0297625
0.981287
-0.0136643
1.06718
0.0321239
-0.028452
1.5052
0.647093
-0.000296882
-0.114166
-0.027604
0.937259
0.609634
0.648707
-0.00574045
0.991955
0.834572
1.00801
-0.00468199
0.868891
1.02392
0.636762
0.191741
0.468025
1.12215
-0.0321027
0.136941
-0.011996
-0.173815
-0.034997
0.00868063
0.0299246
0.974102
0.35692
0.0470654
0.112965
0.750045
0.398039
0.941851
0.987914
0.50618
0.918535
0.00212527
0.00684163
0.154876
-0.0105948
1.04646
1.00097
1.07443
0.982452
1.04556
-0.0113908
1.00982
0.415686
0.566472
-0.0406031
0.147588
0.243111
0.0197492
-0.00501976
-0.00393455
0.000539595
1.0353
-0.0776934
1.12061
1.02946
1.00719
-0.144592
-0.0307317
0.756287
0.0735064
1.00534
0.164931
1.0257
0.146352
1.00649
0.0251858
1.0025
0.289793
1.08184
0.242353
-0.107967
0.994213
1.06186
-0.0114835
0.982972
0.987065
0.993583
0.0521821
1.08718
-0.0379698
0.971637
0.965586
0.00081242
0.948414
1.19495
0.994717
0.0580536
0.380955
0.939417
0.106157
1.00887
0.0114088
-0.0144647
-0.00502807
0.976154
0.669106
0.993675
1.07204
0.593016
0.0325847
0.978857
-0.0141924
0.035426
0.561367
0.945971
0.987834
0.257227
-0.0150659
1.08947
0.0519697
0.908661
0.00764491
-0.029895
1.0986
0.997027
0.00692835
0.0246518
