0.953292
0.96847
0.97564
0.977876
0.979084
0.98204
0.98392
0.984886
0.984412
0.984664
0.985044
0.984638
0.986278
0.98641
0.986796
0.988232
0.988982
0.98896
0.989246
0.99004
0.990762
0.990926
0.990994
0.990998
0.991082
0.991148
0.991292
0.991276
0.99135
0.991464
0.991448
0.991416
0.991392
0.991384
0.991506
0.991734
0.991672
0.99168
0.991644
0.991616
0.991656
0.991748
0.991798
0.991764
0.99182
0.991834
0.991806
0.99183
0.991986
0.992038
0.991884
0.991872
0.99188
0.991876
0.991932
0.99194
0.991932
0.991952
0.991992
0.991944
0.991928
0.991996
0.992012
0.992084
0.992056
0.992276
0.992272
0.992292
0.992272
0.992284
0.992308
0.992316
0.99238
0.992364
0.99232
0.992308
0.992324
0.992304
0.992276
0.99226
0.992288
0.99226
0.992216
0.992196
0.991636
0.991672
0.991556
0.991548
0.991564
0.991536
0.991588
0.991596
0.991616
0.991604
0.991608
0.991596
0.991596
0.991564
0.991576
0.991556
0.991568
0.99156
0.991552
0.991576
0.99158
0.99156
0.991592
0.991556
0.991548
0.991584
0.991596
0.991564
0.991556
0.99156
0.991584
0.991596
0.991572
0.991588
0.991608
0.991612
0.991624
0.991612
0.991596
0.991608
0.9916
0.991592
0.991608
0.99156
0.991496
0.991496
0.991492
0.991488
0.9916
0.991608
0.991548
0.991576
0.99158
0.991588
0.991544
0.9915
0.991516
0.991504
0.991484
0.991528
0.99148
0.991496
0.99152
0.991516
0.991508
0.991512
0.991516
0.991508
0.991516
0.991508
0.991544
0.991536
0.991568
0.991584
0.991596
0.991584
0.9916
0.99156
0.991556
0.991504
0.991508
0.991464
0.99146
0.991464
0.991464
0.991436
0.991452
0.99144
0.991456
0.99142
0.991428
0.991408
0.991332
0.991324
0.991288
0.991316
0.99128
0.991304
0.991324
0.99132
0.99132
0.991312
0.991316
0.991292
0.991312
0.991308
0.991296
0.9913
0.9913
0.991284
0.991304
0.991304
0.991296
0.9913
0.991352
0.991388
