0.644368
0.587742
0.536914
0.491359
0.451149
0.415153
0.384124
0.356991
0.332372
0.310469
0.292193
0.276455
0.262547
0.250899
0.241038
0.231383
0.223898
0.218453
0.212204
0.206584
0.203039
0.199901
0.196928
0.194934
0.193064
0.191783
0.19018
0.189002
0.188047
0.187301
0.186534
0.186141
0.185481
0.185523
0.185066
0.184543
0.184158
0.18383
0.183654
0.183988
0.183909
0.183733
0.183775
0.183405
0.183442
0.183341
0.183307
0.183326
0.182819
0.182848
0.182964
0.182909
0.182525
0.182627
0.182647
0.182705
0.182678
0.182769
0.182705
0.183326
0.183259
0.183369
0.183571
0.183496
0.183629
0.183559
0.18352
0.18357
0.183592
0.183644
0.183804
0.183888
0.184053
0.184087
0.184127
0.184199
0.184445
0.184677
0.184896
0.18511
0.185421
0.185605
0.185699
0.18563
0.185912
0.185771
0.185732
0.185649
0.185813
0.186043
0.185862
0.185775
0.185777
0.185702
0.185637
0.185746
0.18583
0.185845
0.185934
0.185974
0.185921
0.185937
0.18594
0.185849
0.185965
0.185964
0.185925
0.186218
0.186275
0.186154
0.186025
0.186011
0.186076
0.185988
0.185978
0.18582
0.185846
0.185917
0.186067
0.185939
0.185923
0.186076
0.186069
0.18604
0.186039
0.186022
0.186096
0.186195
0.186487
0.186517
0.186588
0.186447
0.186477
0.186465
0.186733
0.186651
0.186555
0.186643
0.186514
0.186471
0.186451
0.186409
0.186318
0.186328
0.186426
0.186357
0.186435
0.186595
0.186545
0.186515
0.186345
0.186317
0.186425
0.186343
0.186363
0.186348
0.186354
0.186361
0.186327
0.186346
0.186346
0.186436
0.186449
0.186458
0.186542
0.186508
0.186548
0.186476
0.186522
0.186503
0.186645
0.186558
0.186565
0.186489
0.186497
0.186649
0.186804
0.186995
0.187016
0.186976
0.187062
0.187126
0.18711
0.187067
0.186993
0.186942
0.186907
0.186983
0.186999
0.18702
0.187049
0.187037
0.18703
0.187077
0.186971
0.186935
0.186944
0.187075
0.18705
0.187015
