62424627
97388389
130977680
162786524
197545372
231714717
262471754
299884518
330870292
371431358
402391049
435911715
469699503
508239509
536874165
571762910
603249634
631676960
662830020
688508826
723425073
758013266
784983825
812916042
840109508
875545857
909749443
932678172
955276645
987048933
1021342095
1049964354
1080651145
1120409841
1147655683
1170584515
1201860620
1220628688
1243418925
1257820957
1277878051
1294649109
1308156173
1324547188
1338749246
1356693136
1367627167
1382175699
1399070262
1413090574
1428069448
1441874055
1456994509
1469344690
1480358036
1492349072
1506623374
1517254272
1536935707
1551488496
1563352627
1579077220
1590924420
1603196439
1616421140
1628438486
1641690302
1656494131
1671702132
1683778932
1694447704
1705949695
1719957941
1736028696
1746984204
1759703570
1770842774
1784940794
1796170629
1809131854
1822338097
1837644014
1852763837
1864467399
1877920790
1893288526
1905013985
1918435886
1929336547
1939938969
1951913284
1964118511
1979831191
1993008088
2007393209
2018959931
2030004759
2042623477
2055322652
2065149937
2075677333
2094356092
2106139631
2117448460
2128262024
2142812824
2155084242
2167725345
2179034474
2193990007
2205645862
2222417062
2235970275
2252141061
2263887690
2277765480
2290249823
2302187330
2316120252
2327340202
2340804193
2352451639
2367519271
2386200036
2397151999
2409116894
2422392210
2432042227
2442337676
2458384600
2479812077
2490830831
2508846534
2518700823
2532174422
2545034858
2557943552
2575756321
2588616816
2601702831
2613240046
2626565871
2642512702
2655665610
2670055515
2685618961
2702016466
2718464463
2732346238
2744648683
2755435372
2770135393
2788892395
2809007941
2830614551
2843946277
2855491772
2873874853
2895005385
2908097799
2917327563
2929270176
2941125120
2952846590
2964411501
2976692935
2989655566
3005396553
3016395727
3034394539
3046852267
3062126683
3075562499
3089769743
3102886070
3115581590
3127161201
3140592286
3158414980
3171069211
3184450397
3194349626
3211035746
3221916458
3234978859
3248688728
3264326672
3279189806
3292368641
3310001373
3324431497
3337621876
3350823821
3364138577
3384001363
3405509114
3418675682
3432494891
3446727146
3457389677
