62849548
97383032
133026205
165768233
198271931
233978816
265415515
300298741
331408474
373414662
406344281
440725720
468708228
502509770
533922027
568975668
601128825
631364855
662829437
688159722
723491640
751831710
789409119
813048535
838329090
876714937
909667673
933316291
958022828
990888453
1019018927
1038570587
1057556711
1087038866
1121536605
1143017497
1166117572
1190199037
1209663376
1227454039
1249924735
1266117318
1280866566
1297425204
1310642363
1326214520
1340802444
1356847867
1373334388
1383396635
1399705098
1412543953
1425856362
1441028149
1454055206
1466298375
1484319479
1494752718
1515600621
1527526591
1537865700
1550041260
1561864577
1573910760
1589902185
1605655746
1624373892
1641688441
1654536563
1665716390
1676382145
1688352249
1701826452
1712665171
1725093519
1736372239
1748995226
1763078900
1775600538
1788849081
1801396475
1816169726
1830221061
1842444456
1858340188
1872221320
1884782134
1896134877
1907822456
1921055423
1932805448
1950134069
1961983756
1977212332
1993496420
2007099001
2021892662
2032440305
2044070003
2053927389
2065923678
2078824600
2091469235
2103060029
2114499304
2133515687
2145605979
2157966418
2168236259
2184980568
2196150463
2211384325
2227647325
2237710846
2248365170
2263023544
2275409656
2285972858
2298417307
2311458054
2327571473
2339835180
2353604615
2365912288
2380065588
2393785760
2406862894
2418154682
2431475378
2443313499
2455487749
2471163780
2487277455
2498219855
2512799518
2523357315
2536911857
2553432540
2565615616
2577948096
2589837115
2602547077
2613949324
2627048429
2647195182
2662821713
2675473894
2687908036
2699245466
2709647017
2726329134
2740670107
2753468656
2765607415
2777572070
2789050892
2800180697
2813250431
2833733808
2846813833
2856459135
2867667842
2881223538
2892271032
2905081848
2919502496
2934268253
2950144186
2964370857
2977141045
2990563893
3007363636
3020104326
3033756784
3051862519
3064916695
3077660095
3088917977
3108568036
3122767578
3133778732
3148443049
3163692394
3174860512
3189928189
3204256526
3218452699
3229587852
3242361309
3254975761
3269735733
3283759442
3298916987
3313494522
3327741440
3343064109
3355582945
3368740176
3386023352
3402125615
