1499.81
1252.34
1049.73
878.009
747.237
634.447
539.071
463.432
391.845
345.229
295.904
256.455
220.513
206.695
185.313
163.475
145.428
132.792
115.517
117.41
106.139
95.491
90.0317
79.4803
74.903
69.7542
83.0608
65.5712
64.6391
60.782
64.2475
61.5196
59.9199
53.8196
56.4841
55.6457
51.988
47.0899
45.5224
49.3131
44.8448
42.8233
46.8898
47.8725
45.772
43.5815
42.6616
43.0992
41.157
37.2387
38.2164
41.8639
42.2763
39.5056
36.6494
37.9926
37.665
38.9006
40.1811
37.2211
36.1597
32.0708
37.7579
34.7476
36.1371
34.38
32.6983
34.4284
32.3967
31.597
34.1041
33.5129
30.757
33.2138
32.785
32.5435
31.447
31.6871
31.5171
32.6424
31.3391
30.4412
31.743
28.0944
30.3855
29.45
30.5053
28.8707
29.0232
29.6026
28.1488
28.288
27.3246
27.8198
26.1492
27.1784
27.5636
24.7628
27.9908
25.5533
25.3387
25.6084
24.9496
28.0228
26.6526
25.3647
25.1456
25.1736
24.4364
26.1541
24.9919
26.0064
23.3608
24.087
24.3388
25.7031
25.2141
23.1197
23.6696
23.0039
21.8642
23.5639
22.6945
22.4345
23.407
21.3614
21.7325
19.9522
21.0744
21.1523
21.84
20.2106
21.3375
20.8921
20.5261
20.1413
20.3638
21.4684
18.8657
19.009
19.3674
20.4195
20.1611
20.1713
18.8473
18.7598
18.9735
19.355
19.6231
19.3539
18.5173
19.1865
19.5461
17.7624
18.66
19.1125
18.0424
17.1468
18.1556
18.8881
17.7653
18.3362
16.9744
17.1037
17.4881
18.5304
17.2662
17.9579
16.5911
17.1909
17.4761
15.4614
16.5174
17.022
15.9952
16.6906
15.6108
15.4329
14.7511
15.4328
15.5912
15.1738
15.4312
15.5621
14.9801
14.5739
14.6409
14.4403
13.9648
13.441
14.7813
13.8769
14.222
14.1963
13.5177
13.1177
14.3845
13.5981
13.7526
13.9842
