0.589686
1.02712
0.0208853
1.00121
0.954335
-0.0387026
-0.0135765
0.0184701
0.00156041
0.00964872
1.00635
1.02163
0.231134
0.997514
0.198426
0.995681
0.933259
1.0636
1.00591
1.00031
0.00813209
0.986029
0.999657
1.02868
1.01022
0.00759074
0.923453
0.998328
0.224919
0.632248
1.34609
0.838025
0.0124185
1.04673
1.00033
1.00637
0.0648864
0.998091
-0.006442
-0.0351654
1.0377
-0.00636734
0.962274
1.02513
-0.0161855
0.0522076
0.986899
-0.0768083
0.865106
0.0602412
0.00653373
0.0159855
0.0383058
-0.00342001
0.985774
0.945013
-0.0211228
0.0819863
0.325066
0.959082
0.988518
-0.0168395
-0.0299042
0.889035
-0.0462391
0.0763883
1.00376
0.954724
0.898244
0.930586
-0.152691
0.0655022
0.116651
1.03632
0.702784
0.990893
0.0120364
0.0375906
1.04546
1.002
-1.61583e-05
0.994962
0.883386
1.04734
0.237877
1.00128
-0.0196056
1.01439
0.444012
1.08706
1.02196
0.700551
0.032756
0.000693296
0.993747
0.102231
0.996299
0.0730158
0.556177
1.00547
0.101942
-0.0807966
0.738438
0.989811
1.04633
0.855544
-0.0952029
1.00415
0.960364
-0.0788673
0.651617
-0.0224967
0.823872
0.00643435
0.940682
1.00784
-0.046978
-0.0177759
-0.00369526
0.948732
-0.0282182
0.890601
0.428376
0.798046
-0.0319486
0.00821316
0.998142
0.0742274
-0.0137859
0.222869
0.0394599
-0.0266987
0.0245055
0.768656
-0.0364971
0.981362
1.1057
1.00095
0.00237144
0.946145
1.02241
0.999831
0.0967927
1.02138
0.99576
0.608949
-0.0895758
1.07487
1.17325
0.0857961
0.985371
0.141057
0.992228
1.03666
0.943167
-0.00179574
0.98518
-0.0370911
0.988699
-0.0151767
0.992886
0.00856016
1.00557
0.250541
0.775408
0.035048
0.435421
-0.0265451
1.01032
0.972911
0.987316
0.975773
-0.0183717
-0.0694493
1.02819
0.971922
0.995238
0.97256
1.02043
0.0455779
0.0323683
1.02634
0.0573283
0.016467
0.0697953
0.981265
0.95776
1.19464
0.996955
-0.00675237
0.999196
0.525811
1.00835
-0.012241
0.964566
-0.0247334
0.0150828
0.0678468
0.993171
1.0613
1.04699
0.927874
0.0237658
0.999218
0.121066
0.00709189
1.00288
0.0255538
1.00235
0.209869
0.843678
0.0901741
1.10405
1.00617
-0.0985413
0.000337491
0.779305
0.0166783
1.01432
0.046688
1.14506
1.03002
0.0169237
1.05377
-0.00857026
-0.0168732
1.05111
0.755077
0.215478
0.68938
-0.0109492
-0.00468741
0.987318
-0.050476
5.55843e-05
-0.0370021
0.160769
0.991911
-0.046227
0.656848
0.990739
0.525741
-0.00823041
-0.0170023
-0.0528994
0.586245
1.01559
0.243643
1.02115
0.860453
0.963381
0.955636
1.06825
-0.0151557
0.753535
0.054461
1.00674
0.857518
0.0869102
1.00328
1.00525
-0.0880948
-0.000250649
0.605827
0.0116927
0.924412
-0.0654093
1.00936
0.605243
0.244221
0.0416349
0.0422184
0.784515
0.480149
-0.020768
-0.00277519
-0.033183
1.02315
1.00339
1.07089
0.957907
0.974349
-0.00725858
0.980471
-0.0563352
-0.143702
0.177363
0.994672
0.00453489
0.959469
-0.0169979
0.117953
0.0404358
1.01733
0.0769123
1.0017
1.0668
0.649415
1.27663
0.552306
1.0189
1.03664
0.0106231
0.188826
-0.0019311
0.0986171
-0.00676168
0.953513
0.224496
0.892656
1.00635
1.01095
0.00216923
-0.0141802
0.777358
0.991303
-0.0317139
-0.00889584
1.00228
0.0615749
-0.00750175
-0.00291707
1.00646
0.0416522
1.00659
0.150669
1.0329
1.02405
0.349727
0.072016
0.980274
0.018651
0.0531564
0.780948
0.0333729
1.00504
1.15796
0.368671
0.987233
0.994097
0.987844
0.990702
0.916121
0.261538
0.114693
0.399964
0.985111
0.990722
1.04073
0.00787352
0.990888
0.0382823
0.968612
-0.233205
-0.0214496
0.0913795
0.998475
0.939024
0.837205
0.500338
0.976197
1.01657
1.01337
0.262351
1.03382
-0.0339717
0.165073
1.07917
0.328833
1.00289
-0.0121054
0.0341749
0.915426
0.48026
0.03305
0.0468383
-0.0151592
1.01657
0.984871
0.133396
0.811529
0.969629
0.994163
0.11715
0.509455
-0.00523691
0.0462016
0.552017
0.982432
0.597259
0.0979522
0.987054
0.991994
-0.043095
-0.0537513
0.0502068
0.90787
0.0292408
0.726548
1.0016
0.979505
1.01303
0.00832149
0.993943
0.986081
0.276977
0.0464817
0.0559232
0.131726
0.270971
-0.0659613
0.991247
0.00318281
0.156316
0.890184
1.00871
0.458201
0.0559231
0.150386
0.0179743
0.994866
1.00625
1.00314
0.16404
1.00032
-0.00249602
0.999532
0.965624
-0.0241758
-0.0461566
0.6817
-0.0366165
-0.00997914
0.965818
0.0416494
0.994767
1.05484
1.00973
0.998038
1.00491
-0.0522335
0.103527
-0.00729303
1.0353
0.997367
1.00523
0.742616
-0.0208343
-0.0126235
-0.0131014
-0.0108734
1.02317
0.107325
0.9194
0.348651
0.82657
0.121967
-0.06057
1.02473
-0.0540226
0.0652791
0.924096
0.729292
0.105727
0.956961
0.432856
0.926198
-0.0150714
0.947629
0.00146888
0.924867
-0.0290226
0.0051734
0.950612
0.990308
1.01097
0.991478
0.0268794
0.0122068
0.958662
0.938289
0.798397
-0.301256
0.00553018
0.989345
1.00138
0.288347
0.90823
1.0304
0.0310105
-0.0105539
0.974588
0.868982
0.0136093
-0.0228278
1.02788
0.509757
0.998127
0.999614
-0.120922
0.650955
1.1197
0.831074
-1.72742e-05
0.341488
0.0326435
0.147664
1.04172
0.268278
0.981316
0.124497
0.907993
0.98725
0.0566401
-0.00110968
-0.0155582
0.0378829
0.00269482
-0.0130864
0.0208065
0.0511238
-0.00861336
0.835985
0.994909
0.62485
0.0346875
-0.106076
1.01088
0.634386
0.939701
-0.0928901
-0.0530801
0.997646
0.248981
0.790851
0.884698
-0.0582285
0.976968
-0.0149248
1.05893
-0.123373
0.830201
-0.00433345
-0.0121304
0.00740558
-0.110688
0.999469
1.00593
1.00742
0.975234
0.982412
0.0377466
0.0742404
-0.0123322
0.994613
0.0215032
0.799779
0.584001
0.0740305
1.01005
1.04971
0.981785
0.973677
-0.0292746
0.137177
0.965292
0.00198273
0.0065205
-0.0513107
-0.0634696
0.881799
1.09599
-0.0355005
1.0025
1.02997
0.174478
0.998362
0.636725
1.00325
-0.00857896
-0.0396208
-0.0143544
0.0144476
0.470836
0.981119
-0.0308009
0.0103905
-0.0173425
1.07348
0.968857
1.00401
0.0108433
0.139727
0.0147971
0.0904295
0.96736
-0.0816192
0.662882
1.12463
0.124618
0.316297
0.723897
-0.00775647
0.83896
0.0718054
0.130582
-0.0197767
0.0836344
1.04114
0.988456
0.741717
0.967154
1.00802
0.0617319
0.970206
-0.0103295
0.00814862
0.0380317
-0.0730226
0.840238
0.0639621
-0.102245
0.0575509
0.189498
1.05218
0.681127
1.0042
0.0174907
-8.18658e-06
-0.310205
0.0584536
0.892615
0.942466
-0.10351
1.02918
1.06097
-0.00192451
1.05165
1.03233
1.21222
-0.0395971
1.02082
0.315942
0.440075
0.554388
-0.0107441
-0.0259411
0.984667
0.0500954
0.99313
-0.00618125
0.117629
-0.134061
1.01609
-0.031741
-0.0206973
0.183681
-0.162062
-0.00595726
0.984432
1.02917
1.05288
1.00733
0.0426023
0.0981259
-0.0392208
0.99871
-0.0315444
0.0100869
1.01449
0.238573
0.0253051
0.995618
1.04457
0.0215282
-0.00811214
-0.0332208
1.05272
0.0418272
0.995379
0.0133691
0.831113
-0.0617325
0.931904
1.00138
-0.0638906
1.23954
0.558323
0.987665
1.066
1.001
-0.0145053
0.987934
0.983798
-0.026813
-0.00413599
-0.000874448
0.190292
1.008
0.0323405
0.996456
-0.0269348
-0.034265
1.02901
0.0834185
0.214308
0.763231
0.986481
0.0074144
-0.0143754
1.01284
1.00468
0.023405
0.009743
1.0396
0.0950049
0.161497
-0.0231168
0.00492845
1.01743
1.00321
1.0218
0.989492
0.98035
0.89962
0.868868
-0.00952555
0.0865708
1.01674
0.00281415
0.96063
0.94938
1.00391
0.884543
0.00114028
0.0618665
0.111948
0.993984
0.992606
0.99344
0.0167426
-0.00375625
0.00914375
-0.00233917
1.03986
0.0867244
1.03079
-0.0548694
1.05267
-0.0109978
0.126563
0.929686
0.038081
0.98607
0.00572563
1.04871
1.05336
0.104109
1.10783
1.00436
0.852017
0.467928
0.949134
0.264006
1.0021
1.07956
0.0817815
1.01745
-0.0030586
0.576901
-0.0200641
-0.0232905
0.878659
1.00764
0.128129
1.00591
0.10288
1.00487
0.947393
0.0100199
-0.0184357
0.028592
0.451002
-0.0761756
0.121408
0.778353
-0.0131925
0.165743
-0.0194768
-0.0426448
0.0532612
0.0198664
1.02118
0.0424728
1.01912
0.171348
1.00576
0.969274
-0.00967969
1.0493
-0.00841749
1.0173
-0.0171815
0.150528
-0.00826859
0.965236
1.00734
0.774513
-0.0377188
0.181163
-0.0436564
1.03937
0.0238826
1.02294
1.11192
0.913005
0.095016
0.0428542
-0.020694
0.90016
0.77836
0.203446
0.99711
0.994877
-0.0157744
-0.0328089
1.00416
-0.0231684
-0.131208
0.983103
-0.0220076
1.00638
0.009066
0.573011
0.697873
1.00123
-0.0171821
-0.00420349
0.0258461
0.967033
0.961298
0.318997
-0.010841
0.903666
0.865893
1.01373
0.0752542
-0.0378632
0.969843
0.00603226
-0.0297942
0.193712
0.425607
0.0390812
0.992806
0.0262627
0.00812754
0.989906
0.981824
0.99061
0.101911
1.04421
0.123608
0.0595678
-0.017731
0.994267
1.01335
-0.0402776
0.942373
0.994004
0.96267
-0.00682699
-0.044277
1.02581
-0.0158369
0.93422
0.015992
-0.0364773
1.35775
0.599667
0.0457091
-0.0639155
0.000389236
0.825343
0.761108
0.603356
-0.00858238
0.98885
0.827559
0.995847
-0.0166516
0.800536
1.06266
0.468567
0.245296
0.427762
1.16293
0.0335698
0.103123
-0.00926503
-0.123884
0.0291195
0.00582081
0.0534555
0.950077
0.4598
-0.0037473
0.0964409
0.853862
0.322166
0.967169
0.995543
0.576003
1.01892
0.00633698
-0.0195745
0.13756
-0.00546177
1.01434
0.993806
1.06645
0.986584
1.0697
-0.00299165
1.0282
0.399445
0.576353
0.162221
0.067547
0.174658
-0.0440848
0.00782835
0.00742413
0.0739433
1.13299
-0.00386807
1.08721
1.04522
0.954592
-0.0569684
0.0262228
0.780749
0.0851856
1.02189
-0.00938729
1.02236
0.154608
1.00935
-0.0301226
1.01872
0.267216
0.940863
0.185011
-0.0257398
0.960389
1.05892
-0.00711978
0.981669
1.0102
0.993167
-0.0466788
1.00658
-0.064457
0.995985
0.962381
0.00163132
1.04789
1.12782
0.947805
0.124257
0.301205
1.01912
0.192558
1.06474
0.00769567
-0.0178065
-0.0515325
0.981626
0.699718
1.00651
0.980894
0.598811
0.00944789
0.976385
-0.0217054
0.153765
0.545189
0.987216
0.991952
0.338868
-0.0557575
1.05594
0.00386203
0.853694
0.0103981
-0.00938439
0.996512
1.01073
-0.0280796
-0.00878435
