0.644393
0.588604
0.537163
0.491957
0.451567
0.415695
0.385041
0.357342
0.332841
0.310258
0.292628
0.277355
0.262896
0.250796
0.241253
0.231401
0.223676
0.217361
0.212317
0.207314
0.203245
0.200554
0.197393
0.195445
0.193006
0.192039
0.190281
0.189044
0.187925
0.186726
0.185288
0.184733
0.184254
0.183376
0.182704
0.18243
0.182337
0.181753
0.181703
0.181134
0.181043
0.181019
0.181001
0.181096
0.181228
0.180984
0.180829
0.18081
0.180912
0.180698
0.180876
0.180781
0.180727
0.180723
0.180795
0.180792
0.180847
0.180918
0.181039
0.181487
0.181475
0.18167
0.181511
0.181476
0.181655
0.181263
0.181167
0.1813
0.18129
0.181276
0.181495
0.181581
0.181755
0.181895
0.181932
0.181998
0.182214
0.182392
0.182461
0.182613
0.182925
0.182938
0.183073
0.183073
0.183136
0.183034
0.183176
0.183289
0.183329
0.183509
0.183383
0.183517
0.183456
0.183382
0.183337
0.183502
0.183607
0.18373
0.183844
0.184025
0.184046
0.184127
0.184282
0.184285
0.184412
0.184587
0.184518
0.184468
0.184512
0.184395
0.184503
0.184587
0.184603
0.18462
0.184535
0.18454
0.18453
0.184605
0.184541
0.184521
0.184581
0.184819
0.184976
0.18503
0.185175
0.185213
0.185323
0.185385
0.185545
0.185576
0.185651
0.185694
0.185699
0.185597
0.18575
0.185749
0.185728
0.18573
0.185651
0.185718
0.185628
0.185596
0.185674
0.185695
0.185529
0.185389
0.185404
0.185485
0.18552
0.185418
0.185459
0.185369
0.185425
0.185486
0.185433
0.185438
0.185339
0.185315
0.185261
0.185357
0.185381
0.185405
0.185334
0.185441
0.185427
0.185562
0.185574
0.185681
0.18572
0.185716
0.185818
0.185871
0.185894
0.185941
0.186053
0.186059
0.186076
0.186107
0.185959
0.185944
0.185937
0.185946
0.186041
0.186064
0.186035
0.186064
0.186082
0.186125
0.185983
0.186006
0.185969
0.185926
0.18591
0.186028
0.186059
0.186068
0.186047
0.186054
0.186083
0.18596
