0.644418
0.588758
0.537331
0.491919
0.451316
0.415412
0.383799
0.356018
0.331242
0.308677
0.290073
0.274211
0.259865
0.247705
0.237922
0.22845
0.220791
0.214447
0.209367
0.20413
0.200106
0.197036
0.194269
0.192236
0.189849
0.188433
0.187281
0.185994
0.185067
0.18409
0.183392
0.182589
0.182525
0.181743
0.181126
0.180703
0.180472
0.179983
0.179771
0.179631
0.179499
0.17961
0.179742
0.179543
0.179679
0.179354
0.17941
0.179297
0.179415
0.17913
0.179
0.178915
0.178977
0.178897
0.178902
0.178886
0.179012
0.179035
0.17906
0.179482
0.179502
0.179546
0.17938
0.179329
0.179487
0.179292
0.179409
0.179416
0.17949
0.179491
0.179362
0.179479
0.179351
0.179405
0.179459
0.179559
0.179548
0.179573
0.179601
0.179949
0.180152
0.18011
0.180375
0.180311
0.180371
0.18035
0.180387
0.180438
0.180466
0.18075
0.180672
0.18076
0.180876
0.180786
0.180688
0.180968
0.181013
0.181019
0.18101
0.180929
0.180977
0.181184
0.181214
0.181233
0.181464
0.181436
0.181693
0.181724
0.1817
0.181596
0.18172
0.181627
0.181626
0.181766
0.181712
0.181522
0.181596
0.181734
0.181778
0.181852
0.18189
0.182108
0.182236
0.182122
0.182128
0.182096
0.182351
0.182436
0.182731
0.182682
0.182636
0.182603
0.182591
0.182565
0.182708
0.182709
0.182677
0.182825
0.182854
0.182707
0.18271
0.182728
0.18273
0.182758
0.182706
0.182803
0.182814
0.182843
0.182894
0.182806
0.182792
0.182816
0.182946
0.182985
0.18291
0.182972
0.182989
0.182946
0.182898
0.18289
0.182833
0.182878
0.18293
0.182931
0.182905
0.183076
0.183176
0.183274
0.183235
0.183214
0.18324
0.183327
0.183338
0.183334
0.183292
0.183232
0.183323
0.183516
0.183542
0.183482
0.183473
0.183506
0.1836
0.183575
0.183551
0.183509
0.183441
0.183422
0.183397
0.183319
0.183291
0.183305
0.183277
0.183148
0.183266
0.183294
0.183366
0.183366
0.183387
0.183485
