0.372586
1.02132
-0.00775987
0.99056
0.999454
-0.00881895
-0.0275923
0.00164486
-0.0156402
0.0341929
0.971357
1.0016
0.0641212
1.00347
0.127515
0.917141
0.937472
1.00265
1.02244
1.01596
-0.0170452
1.00563
1.00828
0.995957
0.980173
0.0280677
0.938434
0.990667
0.210159
0.506251
1.3524
0.681129
-0.00948468
1.0545
0.984313
1.00675
0.259445
0.967859
0.123741
-0.0510067
1.01725
0.0199847
0.974904
1.03203
0.0243531
0.0471539
0.966523
-0.0798014
0.792457
-0.0176825
-0.0453821
-0.00142854
0.0491271
0.019761
1.03071
0.990752
0.0182473
0.0438171
0.232719
0.95976
1.00475
-0.00230547
-0.0262439
0.93518
-0.0339488
0.112312
0.993477
1.00047
0.864124
1.01072
0.0177004
-0.0261746
0.158112
1.04495
0.873987
1.01822
-0.00111673
0.0782215
1.01135
1.00796
0.0996867
1.00143
1.07042
1.01013
0.238705
0.998152
-0.181709
1.01472
0.40006
1.06393
0.960238
0.567683
0.0330144
0.0145636
0.984822
0.154979
0.994233
0.0949176
0.606363
1.01147
0.044729
0.109777
0.440776
0.97898
1.00081
0.964971
-0.0305098
0.988753
0.94974
-0.0734173
0.694114
0.11738
0.77699
-0.0190606
1.07269
0.982164
0.0360017
-0.0158108
0.0153746
0.983866
-0.0587593
0.984509
0.281803
0.873542
-0.0489061
0.00178395
0.99293
-0.00182984
-0.0309236
0.126469
0.0591255
-0.00427873
-0.0064971
0.748598
-0.048804
0.988125
1.05336
1.00775
-0.00559178
0.96242
1.01915
1.00512
0.0320345
0.989803
0.973596
0.576234
-0.046868
1.08346
1.03942
0.0791717
0.975423
0.156878
1.01563
0.964798
0.983915
-0.0391735
0.988757
0.0314453
1.00995
0.0400365
0.981794
0.0654008
1.03129
0.262694
0.641756
0.00775403
0.342261
-0.0345843
0.975358
1.02425
0.997327
0.976033
-0.133758
-0.109079
1.01528
0.997995
1.04527
0.717894
1.02495
-0.000298448
6.19887e-05
1.00994
-0.00956783
-0.0380427
0.0813319
0.979138
0.953792
1.16287
0.995327
-0.056063
0.985902
0.569186
1.01029
-0.0271636
0.967931
0.046647
0.0379318
-0.022413
0.991042
1.01293
1.06049
0.950181
-0.0326803
1.00133
0.146415
-0.0259671
1.02527
0.00281458
1.01297
0.274717
1.09745
0.0613181
1.08658
1.01041
-0.0892528
-0.0184909
0.759617
0.00788815
0.981845
0.0034591
1.18137
0.862834
0.00914924
1.05312
0.0148397
-0.00408627
1.04323
0.945202
0.0986153
0.955163
0.00121278
-0.0716222
1.00711
-0.036326
-0.0294952
-0.147002
0.101441
0.982016
-0.0360837
0.536071
0.916272
0.483926
-0.00441063
-0.00198544
-0.00393311
0.522885
1.0685
0.347666
1.00182
0.806383
0.905239
1.00212
0.970501
-0.0541839
0.663309
0.0238738
1.03172
0.874828
0.136561
1.01783
1.02301
0.0272657
-0.0106933
0.542211
0.00812088
0.759374
0.0375467
1.00123
0.819871
0.225853
0.0595859
0.00203783
0.709509
0.15785
-0.0307363
-0.00468305
-0.000146573
0.968077
0.99623
1.04903
1.01354
0.997745
-0.0791723
0.980911
-0.00796911
-0.142624
0.120468
0.993807
-0.00330076
0.996152
-0.0461235
0.181331
0.133549
1.01143
0.0564477
1.04393
1.06106
0.695394
1.34805
0.482937
1.02458
1.02967
-0.0142454
0.087715
-0.00114597
-0.00530295
-0.00986326
0.950184
0.187418
0.874621
1.03065
1.01318
0.102299
0.148484
0.820498
1.00545
-0.0363904
0.00701704
1.0198
0.115089
-0.0144438
0.0371267
0.967231
-0.0808974
1.15638
0.0216821
1.05435
1.02989
0.210512
0.0479245
0.96497
0.0674701
0.0173773
0.731245
-0.00741271
1.02189
1.08569
0.319795
0.973033
0.999113
0.910297
1.00234
0.894994
0.251595
0.0396147
0.342734
0.984083
0.997891
1.06613
0.0609466
0.982016
0.028614
0.98526
-0.0935154
-0.00208154
0.069283
0.999479
0.944535
0.936938
0.349334
1.02741
1.00886
1.00374
0.182671
1.05309
-0.000533999
0.128321
1.05775
0.204904
0.984249
-0.0338719
-0.0129657
1.02298
0.614355
0.020998
-0.00413858
-0.0194689
1.03011
0.979339
0.008043
0.813496
1.00542
0.989971
0.0897877
0.53372
0.0201342
0.00110737
0.362335
0.939634
0.528922
0.126299
0.981826
0.995103
0.013325
-0.11941
0.0696627
0.962734
0.00495512
0.60756
1.02714
0.964993
1.06354
0.0582889
0.989349
0.974071
0.210081
0.0472972
0.133253
0.130714
0.335293
-0.0569477
0.957027
0.0187702
0.185684
0.895778
0.987433
0.619868
0.068056
0.0821278
0.0854723
1.01028
1.00461
0.995942
0.204558
1.01765
-0.0213845
1.00629
0.881507
-0.0138837
0.0642318
0.525089
-0.00379653
0.00045243
0.912594
-0.00628648
1.01685
1.04083
0.992381
1.00395
1.00293
0.00851934
0.0728481
-0.0290617
1.01078
0.992666
1.01148
0.850607
0.0198246
0.0438977
-0.0318514
-0.011642
1.00984
0.0414059
0.994274
0.377803
0.712246
0.151262
-0.00962506
0.967654
-0.0167087
0.10625
0.933282
0.786461
0.300482
0.983869
0.338048
1.00915
-0.0232436
0.973413
-0.0132464
0.94823
-0.0130435
0.0779077
1.00039
1.03997
1.01984
1.00448
0.0837464
-0.0152301
1.01333
0.932785
0.713481
-0.287264
-0.0250971
1.00684
0.989534
0.343411
0.885116
1.06191
0.00169979
-0.00660958
0.974339
0.751026
0.0338326
-0.0155904
1.01813
0.862081
0.99613
1.00472
-0.0364749
0.499746
1.17283
0.865931
-0.00984291
0.440702
0.102785
0.178423
1.02612
0.137487
0.989716
0.0873963
0.955378
0.98911
0.101205
-0.0123941
-0.0152031
0.0707825
0.0114057
-0.0376593
0.0078254
0.0890585
-0.015355
0.829992
1.00383
0.713117
-0.00817304
-0.0800144
1.02738
0.534713
0.859768
0.0792144
0.0656829
1.02412
0.233083
0.956041
0.992501
-0.00261112
0.984171
-0.0823773
1.04699
-0.0233114
0.828998
0.00260277
0.0111923
-0.0206771
-0.0885009
0.994914
0.982982
0.94817
0.915219
0.981275
-0.0389714
0.0772076
-0.0273312
1.16025
0.0454499
0.920259
0.616789
0.072673
1.01488
1.04889
1.00722
0.988122
-0.0232722
0.117641
0.993555
-0.0207262
0.00354791
0.0143833
0.107684
0.806373
1.13393
-0.0148138
0.997815
1.00199
0.147773
0.9977
0.720553
0.978387
-0.010776
-0.0207189
-0.0397117
0.0232825
0.623851
0.978334
0.0269806
0.0418444
-0.0386877
1.02571
0.977926
0.983219
0.00338216
0.00889697
-0.0444775
-0.017374
0.991476
-0.059296
0.63829
1.11141
0.0300462
0.402695
0.941343
-0.00517851
0.914681
0.0239387
0.123542
-0.0248698
-0.0960281
0.99361
0.99373
0.780108
0.983845
1.00039
0.0627233
0.976893
-0.0271524
0.00409692
-0.00663645
0.00617653
0.925951
-0.0337223
-0.1468
-0.0485768
0.220905
1.00377
0.668187
1.00443
0.0441325
0.015027
-0.430609
0.107729
0.866708
0.900905
-0.0106838
1.04181
1.03792
-0.0588155
0.979224
1.02962
1.13845
-0.119578
1.03501
0.367973
0.205637
0.580041
0.00778055
-0.00432831
1.11756
0.191635
0.984226
-0.0360473
0.054555
-0.0918311
0.956344
-0.011733
-0.0310036
0.185369
-0.0865914
0.0570024
1.03142
1.00538
1.12296
1.05822
0.0754488
0.127835
-0.0311325
0.961897
-0.119914
0.0990277
1.00968
0.134372
-0.00528129
1.02037
1.02756
0.0124656
-0.00554011
0.0713608
1.09208
0.10495
0.84708
-0.00262317
1.06667
-0.00632544
0.994572
1.0347
-0.0560104
1.13924
0.576089
0.969503
0.949142
1.03769
-0.0119988
0.985012
0.988152
-0.00226076
-0.0423416
0.00445058
0.131434
0.927863
-0.00739299
0.983868
0.00442829
0.023618
1.02753
0.108091
-0.0143891
0.751291
1.00091
0.0114017
0.00566958
0.958154
1.01078
0.123918
-0.0480721
0.93514
0.197986
0.176906
-0.0123051
-0.00542145
1.01324
0.98777
1.013
1.00055
0.986291
0.980364
0.974152
0.0446694
0.227227
1.00753
0.00180111
0.988024
0.977983
0.997217
1.06618
0.013407
0.00522209
0.128016
0.992586
0.997383
0.987145
0.0117897
0.0130801
0.0226149
-0.0201371
1.01057
0.0713267
1.02762
0.0254312
1.03455
-0.00452387
0.110465
0.938044
0.00362039
1.00243
-0.0402543
0.908247
1.04035
0.107916
1.02798
0.99025
0.875344
0.369892
0.920875
0.20244
0.999023
1.11173
-0.0909189
1.00406
-0.00525649
0.663756
0.0522266
0.0284825
0.948645
1.00886
0.0926793
1.034
0.055313
0.997767
0.991731
0.0383904
-0.00616929
-0.0251935
0.458886
-0.0463681
0.0541482
0.691632
-0.00295653
0.0624877
-0.0127653
0.0235951
0.0534921
0.020418
1.00442
0.0704151
1.03426
0.0583194
1.00558
0.952484
-0.00151639
1.07102
-0.0318922
1.03261
-0.0814704
0.224337
-0.105875
0.979526
1.024
0.683609
0.00622407
0.0583422
-0.0545553
1.00144
0.0621574
1.00816
1.13138
0.852784
0.0636268
0.0699956
-0.0316312
0.91763
0.892798
0.306347
1.04168
1.00357
-0.0198739
0.118926
1.00965
0.0282609
-0.127996
1.00092
-0.0184139
1.01338
0.037316
0.23129
0.722001
1.00732
-0.00977685
-0.00691327
-0.00581083
0.988296
0.929819
0.0791993
-0.0166405
0.920746
0.733177
1.01004
0.0373797
0.00494356
1.01143
-0.00995904
0.0350644
0.0442348
0.2951
-0.0212061
1.01709
-0.0129977
0.0570581
0.993527
0.911222
1.00819
0.107248
0.983223
0.134076
0.0485216
-0.0302548
0.915418
0.973016
0.0688223
0.925789
1.01773
0.961996
0.0062254
-0.0528605
1.01625
-0.0278131
1.04585
-0.0301281
-0.0155138
1.29347
0.654687
-0.012576
-0.135782
-0.0113297
0.987478
0.671722
0.726606
0.0303668
0.99228
0.837145
1.01906
-0.0134487
0.791117
1.05087
0.575663
0.210073
0.455785
1.05983
-0.00551839
0.0171131
-0.0300218
-0.153233
-0.0263103
-0.00364967
0.0489915
0.941638
0.412629
0.0130783
-0.0333991
0.801538
0.352968
0.941182
0.993615
0.457668
0.974296
0.00533909
-0.017421
0.122531
-0.00214871
1.00996
0.988132
1.04619
0.979802
1.07718
-0.0153148
1.05857
0.468308
0.828353
0.0101963
-0.00936519
0.103948
0.0164235
-0.0156397
-0.00746137
-0.105608
1.18931
-0.0655019
1.0386
1.05631
1.00802
-0.159864
0.0150194
0.68007
0.0413622
1.00591
0.0316843
1.0192
0.271618
1.02234
0.044343
1.02182
0.277171
1.01999
0.25942
-0.0348348
0.942629
1.07204
0.00602778
0.978096
1.00432
0.983708
-0.041945
0.967081
-0.0462603
0.979509
0.990597
-0.0227097
0.957277
1.08665
0.968657
0.135008
0.370042
0.99634
0.0247349
1.03077
0.0184065
0.0216201
-0.00638723
0.983892
0.757575
1.04128
1.00295
0.648883
0.0658787
0.974316
0.0217281
-0.0221821
0.373028
0.991316
1.00801
0.278694
-0.0222117
1.23504
0.0209158
0.834864
0.0136537
0.0165826
0.8365
1.007
0.00174618
-0.0182552
