62363145
97691743
130729383
162028049
197202893
231570407
262295244
299571284
330525405
372592071
404099064
437603068
470207636
504134493
533134882
565846995
598312927
627934259
658785990
685409225
717965795
757846695
784061976
814925123
842585527
879887296
913522324
937036273
962259676
997799644
1017984244
1042884216
1067899215
1087795683
1121032940
1143309169
1174222726
1199074753
1230598697
1248738915
1264198859
1283918349
1303555421
1324944660
1334995808
1354651762
1364908690
1375641629
1390679883
1403984053
1417587387
1430825416
1445968487
1462629858
1473149730
1487787534
1508585643
1519424279
1531784607
1542547466
1552344118
1566538953
1578336145
1589225571
1602674941
1617027830
1627409518
1640900320
1654277530
1663931342
1678984795
1690149157
1702454174
1713081125
1724876969
1737310589
1752952008
1769834267
1782008748
1794503218
1807813276
1822074673
1838774805
1849694130
1864035161
1877173803
1888573671
1900586392
1912973852
1923397293
1933809938
1948140371
1969404700
1987157572
2002359281
2013073867
2028819947
2043133891
2055591137
2068062001
2078421759
2091359351
2103012534
2113943708
2124349177
2138384828
2151885200
2161983900
2170892165
2181252249
2192055185
2208062776
2222245278
2237581401
2254230011
2268682026
2282164716
2299732664
2311255083
2324249264
2334771842
2346148468
2361350750
2373778438
2385142714
2396336207
2408831964
2422912561
2434402852
2448962065
2465871641
2478132805
2491916454
2503282475
2518110196
2528552573
2541688578
2554565308
2571281741
2584404535
2596287831
2608094339
2619658602
2632756652
2643857003
2656386431
2669192345
2689828148
2703639174
2713689152
2724840008
2739514332
2753866858
2764019218
2786652202
2798500331
2810792323
2824029277
2840460102
2853242834
2864549701
2879785258
2892790020
2905309516
2915961229
2928113981
2946407668
2960313511
2972200642
2987902743
2999695199
3015319993
3027441588
3039962532
3051765218
3066207298
3078458146
3090488409
3113737740
3126916713
3138472569
3152637227
3168266711
3180452199
3193673140
3208583900
3219793160
3232417314
3243203053
3256894928
3268717084
3287523706
3303932385
3321545054
3338009985
3367469151
3387383037
3403654158
3418493588
3430603465
