1499.81
1261.19
1064.25
897.986
765.767
654.35
564.519
478.72
414.12
367.1
315.367
283.225
247.194
235.344
213.766
185.035
163.805
155.387
137.262
133.54
129.651
115.597
105.407
99.3079
94.2604
86.2064
102.318
81.0103
76.9749
76.2053
79.0641
74.4932
74.1838
67.8708
68.7863
67.4809
63.4021
61.1392
59.1854
64.7969
57.3157
55.5211
59.5871
62.5267
57.4687
56.071
53.5208
55.2587
54.5627
47.8242
49.1087
54.0704
58.0466
50.5358
48.8194
50.8774
50.0489
51.9115
54.1282
49.6046
47.3413
44.8862
50.542
46.8931
47.649
44.1326
45.3318
47.1592
45.9566
42.2015
47.8213
44.6801
41.1577
46.3389
43.6963
44.587
41.6373
43.2909
43.4412
42.6948
44.4238
40.5441
42.1966
39.5942
42.7511
39.3909
42.8875
39.118
41.1162
39.7185
39.1211
39.123
37.4283
37.4068
36.0333
37.0126
36.9757
34.1719
39.4605
34.5583
34.454
35.5357
33.7959
37.3723
35.5301
35.2015
33.2131
34.3477
34.2298
36.9252
33.7966
36.1905
32.3859
34.0881
34.1717
35.6502
35.9544
32.7132
33.5604
32.2015
30.8162
33.4933
31.7146
31.0129
32.035
29.8409
30.7467
29.6042
29.5989
30.558
30.6568
28.4056
29.1287
29.5694
29.2977
29.1326
30.0791
30.1827
28.3619
28.1913
28.2944
29.545
29.1714
30.4795
27.9007
27.7646
27.8898
28.4933
29.0609
28.0051
27.2131
28.2514
28.4508
25.7639
27.9071
27.7383
27.3998
25.3985
27.3362
27.2117
27.2592
27.366
25.796
26.9273
25.6968
28.2091
26.0554
25.6929
25.1513
25.9414
26.649
23.7138
25.3706
25.4599
24.4013
25.8205
23.557
23.6099
23.5382
23.9576
24.2951
23.7676
23.9448
24.5513
23.9982
23.0132
23.3294
22.2258
22.7606
21.2688
22.7443
22.1181
21.6645
21.7451
20.5195
20.6992
21.6857
21.8329
21.6395
21.4986
