0.531169
1.04429
0.0305817
0.996347
0.975081
-0.0270485
-0.0229194
0.0298118
-0.0126544
0.0506792
0.993763
1.00681
0.132456
1.01125
0.156225
1.00626
0.97405
1.01254
0.953652
1.02056
-0.0189208
1.00094
1.00381
0.996136
0.979623
0.0236954
0.948754
1.01143
0.223858
0.487995
1.27886
0.925732
0.0217134
1.04913
1.00532
0.991271
0.148708
0.992373
-0.0137079
-0.0179553
1.03237
0.0138642
0.951794
1.02233
-0.0381375
0.0778311
0.990742
-0.000597486
0.904943
0.0436664
0.0173811
0.0120585
0.043429
-0.00775621
1.0211
1.00601
0.0196249
0.117476
0.320288
0.959612
0.980152
0.00680167
-0.0391843
0.873847
0.00274853
0.0808939
1.00009
0.950933
0.906375
0.99468
-0.124859
0.0754464
0.144443
0.983143
0.686866
0.99898
-0.0118084
-0.00869323
1.0085
0.997524
0.0494083
1.03583
0.922971
1.0082
0.224456
1.00962
-0.0225457
1.01312
0.440287
1.02708
0.990186
0.694942
0.00932689
0.00313013
0.988677
0.0711836
1.00789
0.0816809
0.501213
1.03979
0.102198
-0.0615358
0.75633
0.985113
1.02593
0.88008
-0.00532623
1.00539
0.998275
-0.00570729
0.695477
-0.0220121
0.790275
-0.0100021
0.957933
0.985091
0.0248968
-0.00553266
0.0356418
0.946507
-0.0291372
0.93913
0.39367
0.909701
-0.0312735
-0.0165429
0.993308
-0.00826359
-0.0002343
0.336371
0.121706
-0.000376468
0.0229082
0.762454
-0.0383311
0.96147
1.01934
1.00563
-0.0079337
0.931015
1.02898
1.04802
0.0676262
1.03334
0.998573
0.664809
-0.0599615
1.10769
1.06802
0.0840566
0.9935
0.102237
1.01982
0.998403
0.958473
-0.0287246
1.00011
-0.0109493
0.98842
-0.0176752
0.995551
-0.00254584
1.01641
0.192875
0.757472
0.0228185
0.395405
-0.0459979
1.01841
0.985065
0.993081
0.963151
-0.0655995
-0.0211921
0.967268
0.98303
1.0222
0.88326
1.01808
0.0425937
-0.00228298
1.00361
0.0518905
0.0118668
0.042671
1.00373
0.954183
1.19851
0.978987
0.0757615
1.00054
0.619007
1.00219
-0.0098093
0.974809
-0.00394755
-0.000828142
0.0305588
0.988566
1.00499
1.05891
0.952096
-0.0298658
1.006
0.0797632
0.0336302
0.995023
-0.00100363
1.00422
0.192296
0.785263
0.0838396
1.03759
1.005
-0.117517
0.0155064
0.783195
-0.0261586
0.999818
0.0996376
1.15135
0.926317
0.0260938
1.08773
-0.0118365
-0.0633541
1.04774
0.78477
0.192401
0.692541
-0.00865032
-0.055303
0.997462
-0.0778806
-0.00267478
-0.0948072
0.19913
1.00964
-0.0465148
0.584922
1.0562
0.476421
-0.00186126
-0.0238228
-0.0289073
0.633179
0.981901
0.262103
1.05583
0.87403
0.917489
0.984786
0.971756
0.026575
0.679997
0.0330295
1.03287
0.910762
0.0985294
1.00675
1.02587
-0.00896636
0.0128216
0.502352
-0.00125227
0.89096
-0.019822
1.03365
0.593999
0.332827
0.0110857
-0.0141323
0.817676
0.547057
-0.00697391
0.0178125
0.0284762
1.02341
0.968087
1.066
1.00098
0.940047
-0.0281063
0.993556
0.0269354
-0.214531
0.172577
0.979828
0.00702469
0.962451
-0.0453509
0.146244
0.0734332
1.03144
0.107124
1.01537
1.03612
0.639304
1.3292
0.513362
1.03071
1.04156
0.0038557
0.190336
0.00808493
0.060343
0.00130427
0.952969
0.3021
0.95213
1.02845
1.01195
-0.00837101
0.00767658
0.780517
0.989493
0.00871269
0.0700174
1.01442
0.0964895
-0.0213642
-0.0606102
1.00591
0.053842
1.10102
0.106796
1.01165
1.00209
0.376752
0.0638196
0.978211
0.0458008
0.0741987
0.645956
0.00448713
1.00127
1.1177
0.318632
0.974798
1.00593
0.980712
1.02015
0.918394
0.186788
-0.020737
0.494522
1.0114
1.00449
1.01146
0.0643842
0.988592
-0.00944938
0.954191
-0.233343
0.0652861
0.0475562
0.978568
0.973236
0.911595
0.41254
0.968091
1.01708
1.01389
0.368876
1.0073
-0.0358207
0.203634
1.06728
0.240659
0.991062
0.0148974
0.0669479
1.00182
0.545341
0.056993
-0.0241322
-0.0552557
1.01695
0.964629
0.0959411
0.89568
0.961785
0.994011
0.119004
0.605113
0.00501582
-0.00583972
0.611913
1.05521
0.411748
0.117257
1.00215
0.943954
0.0301167
0.199216
0.0654927
1.00406
0.0838795
0.809781
1.00131
0.980697
0.991878
0.00402922
0.997876
0.99744
0.348019
0.0260064
0.0620074
0.283273
0.267288
-0.0843575
0.973957
0.0800519
0.132161
0.861046
1.00421
0.452989
0.116575
0.132576
0.0223852
1.00213
0.983887
1.0134
0.143858
0.997458
-0.000920819
0.992311
0.90929
-0.00708425
0.0309048
0.688734
-0.0390833
-0.0123437
0.964877
0.0710863
1.00185
1.04295
0.990086
1.00576
1.00433
0.00598609
0.097964
-0.000601352
1.02996
0.973211
0.993918
0.854133
0.0827155
0.0221085
-0.028009
-0.00116656
0.98607
-0.013656
0.89938
0.363964
0.865391
0.105132
-0.0271593
1.00683
-0.0129622
0.0973489
0.994944
0.760808
0.148802
0.954381
0.486817
0.977064
-0.0148376
0.97635
0.0628752
0.947324
-0.014038
0.00418343
1.00766
1.01946
1.02667
1.03001
0.041589
-0.0641386
0.944288
0.958419
0.832044
-0.398023
0.0126454
0.980048
0.963942
0.306331
0.762818
1.04589
-0.0272583
-0.000604131
0.973207
0.863559
-0.00648535
-0.0189338
1.02379
0.455915
1.01547
0.996686
-0.137061
0.670128
1.09143
0.881092
-0.0207705
0.429066
0.0575417
0.162075
1.0611
0.267847
0.980306
0.0968366
0.961767
1.00943
0.074163
-0.0313432
-0.0107095
0.0608572
0.0131047
0.00472273
-0.0469184
0.0260817
-0.00921261
0.830822
0.957736
0.719913
0.0485003
-0.0512554
1.00605
0.724856
0.932283
-0.0918998
-0.0104939
1.02703
0.270793
0.862107
0.916585
0.0966888
1.00806
-0.0350449
1.0524
-0.0739579
0.720729
-0.002094
0.00378574
0.0701982
-0.0833786
1.00145
0.992723
0.989783
1.00179
0.972282
0.0175136
0.101717
0.000719678
1.05009
0.169084
0.90848
0.62331
0.11337
1.01168
1.00962
0.985649
0.978263
-0.0192605
0.0910134
0.969789
0.0763822
-0.000331345
-0.0308238
-0.0777117
0.904732
1.05207
-0.0824277
0.991589
1.00708
0.230604
0.99384
0.523792
0.99895
-0.0179687
0.00800757
-0.0564715
-0.089815
0.575042
0.996577
-0.120246
-0.0414876
0.0152543
1.08072
0.970229
0.986813
0.0282747
0.142488
-0.0664187
0.0110253
0.983743
-0.118717
0.627174
1.10887
0.0991212
0.346235
0.770033
-0.0117475
0.84185
0.038064
0.0726351
-0.0121876
0.120936
0.990416
0.958747
0.715278
0.971098
1.00307
0.0208664
0.969212
-0.0441088
-0.00437928
-0.0948816
-0.00186409
0.893698
-0.0362129
0.00857131
0.0384306
0.167882
1.01408
0.695873
1.00063
0.00745664
-0.0229986
-0.287263
0.0893476
0.885836
0.907139
-0.0809115
1.01429
1.02468
-0.0202876
0.90926
0.994755
1.24212
-0.053533
1.03752
0.349303
0.41446
0.508128
0.00146956
-0.0150174
0.951474
0.0197066
0.992399
0.0520944
0.10204
-0.0821925
0.97809
-0.0226539
-0.0259169
0.230072
-0.17134
0.0114981
1.02528
1.03362
1.03185
0.975977
0.0442342
-0.00617123
0.0277415
0.992154
-0.0372289
-0.00358788
0.989176
0.302832
0.0128474
1.00987
1.04982
-0.0091005
0.0275697
-0.0725503
1.02678
0.00937513
0.917202
-0.0303257
0.854887
-0.0272703
0.97756
1.00204
-0.0531758
1.24861
0.37529
0.983793
1.12545
1.03711
0.0103597
1.01247
0.988205
0.0269092
-0.0258517
-0.00143258
0.0305736
1.01616
-0.0176791
0.986577
-0.00616638
0.003998
1.03757
0.0927227
0.184232
0.67338
0.982197
0.0593511
0.00156988
0.976474
1.0142
0.102026
0.0122647
1.03569
0.0870489
0.111766
-0.0175717
-0.00306178
1.00177
0.997947
1.00859
0.998982
0.995324
0.972346
0.778255
0.049841
0.0569835
1.0034
-0.00705875
0.966737
0.968558
0.989307
1.00647
-0.0346107
0.056806
0.143632
0.962886
0.978189
0.988198
0.0279445
-0.000262025
0.0086636
0.00176477
1.02931
0.032935
1.05253
-0.105992
1.01326
-0.0431927
0.118215
0.974151
0.0650351
0.987576
-0.0102037
1.0459
1.0609
0.0259985
1.06615
0.987155
1.04401
0.551637
0.876277
0.363873
1.00121
0.967193
0.0545086
1.01284
-0.00104144
0.562067
-0.0285908
0.0100235
0.926921
1.01206
0.132927
1.01986
0.107547
1.01463
0.949378
0.0467886
-0.0233891
0.0377976
0.437361
-0.0194354
0.051045
0.7683
-0.0240068
0.0868521
-0.00210903
0.00701185
-0.0294476
-0.000775345
0.99799
0.0175752
1.03233
0.160562
0.993277
0.948342
0.00504408
1.01749
0.0200477
0.99584
-0.039976
0.197154
-0.0230942
0.964998
1.02606
0.735856
-0.0578603
0.170119
-0.017824
1.07217
-0.018247
0.984385
1.07819
0.591149
0.0909665
-0.0186754
-0.0111835
0.901522
1.02146
0.236257
0.964671
1.00249
-0.00659596
0.0427478
1.00894
-0.00810027
-0.0512872
1.04345
-0.00872693
1.01037
0.044044
0.460402
0.605803
1.0033
-0.0321015
-0.0089297
0.0242888
0.980604
0.920486
0.403123
-0.0207546
0.931167
0.745694
1.01001
0.025691
-0.0318279
0.943755
-0.00728321
0.0324068
-0.00119393
0.370468
-0.00622175
0.995876
0.00850796
0.0238894
0.9897
0.964398
0.975016
0.0373138
0.956962
0.0596735
0.0700714
-0.0650203
1.13522
1.02402
0.0209066
0.915481
0.972622
0.923576
0.0121125
-0.0421706
1.01244
-0.02155
0.924762
0.00201872
-0.0256088
1.35492
0.499461
0.0286888
-0.0959445
0.0117393
0.940042
0.887617
0.620724
0.0155697
1.01161
0.789458
0.98658
-0.00164509
0.668141
1.15839
0.568921
0.230852
0.358607
1.13155
-0.0463524
0.148463
-0.0368833
-0.0948388
-0.00592414
0.0328919
0.117894
0.962547
0.426543
0.0187201
0.0647084
0.744344
0.416286
0.94041
0.982244
0.579434
1.03821
0.00633793
-0.00501749
0.0876759
0.00376096
1.00488
1.00082
1.04008
0.990275
1.10562
-0.0366042
1.01689
0.462199
0.578567
0.125285
0.112157
0.205472
0.0241281
-0.0121818
0.0139179
0.048812
1.06145
0.0255206
1.03875
0.990437
0.982163
-0.107251
-0.00301456
0.737251
0.106575
1.01325
0.15122
1.00074
0.144447
1.06347
-0.0205936
1.02359
0.249256
0.911521
0.176049
-0.062012
0.964637
1.03652
0.0199108
0.988845
0.978314
1.00119
0.0257905
0.965542
-0.0269192
0.966897
0.977009
-0.00496731
0.997197
1.11306
0.992396
-0.0351009
0.34225
0.959921
0.0915841
0.994431
0.0238069
-0.0133302
-0.00565596
1.05919
0.502635
1.016
1.01658
0.644592
-0.052041
0.968816
0.00848071
0.205847
0.47339
0.9938
1.00698
0.290747
0.00855691
1.17174
-0.00795996
0.837386
0.00322749
-0.0507313
0.871556
0.976425
-0.0206229
-0.00430923
