0.644368
0.587742
0.536914
0.491358
0.451149
0.415151
0.384197
0.356906
0.332348
0.310484
0.292399
0.276669
0.261478
0.249351
0.239219
0.230207
0.222583
0.216883
0.210709
0.206142
0.202106
0.199182
0.196741
0.19445
0.192548
0.190766
0.189465
0.188214
0.187229
0.186192
0.185726
0.185563
0.185028
0.184714
0.183999
0.18344
0.183524
0.183283
0.183118
0.183236
0.183093
0.182587
0.18252
0.182675
0.182733
0.182788
0.182956
0.18299
0.182993
0.182748
0.182823
0.182851
0.182738
0.182658
0.182601
0.182643
0.182666
0.182692
0.182936
0.183455
0.1835
0.183427
0.183414
0.183242
0.183497
0.183355
0.183437
0.183474
0.183446
0.183463
0.183318
0.183318
0.183254
0.18346
0.183566
0.183702
0.183764
0.183952
0.184011
0.184112
0.184204
0.184277
0.18437
0.184591
0.184822
0.184767
0.184949
0.184944
0.184916
0.185074
0.184969
0.184967
0.184962
0.184969
0.184962
0.185012
0.184956
0.185155
0.185135
0.185229
0.185248
0.185309
0.185299
0.185175
0.185159
0.185212
0.185169
0.185391
0.185426
0.185256
0.185309
0.18537
0.185435
0.185402
0.185245
0.185161
0.185313
0.185358
0.185324
0.185245
0.185221
0.185484
0.18541
0.18548
0.18564
0.185542
0.185555
0.185698
0.186014
0.186064
0.186187
0.186148
0.185962
0.185942
0.186136
0.186153
0.186028
0.185996
0.186087
0.186167
0.186205
0.1862
0.18632
0.186232
0.186285
0.186311
0.186355
0.186443
0.186469
0.186438
0.186469
0.186419
0.186444
0.186436
0.186461
0.186591
0.186399
0.186472
0.18657
0.186472
0.186399
0.186662
0.186697
0.186805
0.186751
0.186846
0.186885
0.186873
0.187001
0.187091
0.18724
0.187195
0.18716
0.187203
0.187248
0.187293
0.187433
0.187345
0.187453
0.187462
0.187651
0.187754
0.187867
0.187898
0.187854
0.187913
0.187907
0.18793
0.187923
0.187879
0.187864
0.187862
0.187805
0.187782
0.187737
0.187763
0.187784
0.187759
0.187693
0.187685
