61821357
96257739
129003299
160054730
192732954
227382242
258430178
296661070
327184116
369993618
401687075
436085079
464879414
497856099
526653229
563136330
593740130
622690967
651451937
676957558
720729360
746490830
778774521
809122433
830191370
851921652
883818652
908855112
941009030
967001139
999290169
1023423297
1058255403
1094765940
1126068170
1147615995
1177292121
1202293778
1220269209
1246467952
1261055542
1277409294
1295182955
1309776454
1321023269
1340030731
1351599423
1366499899
1383418814
1399414502
1416881032
1429890949
1442198141
1464928601
1475759212
1487601308
1499522498
1509822612
1519957282
1532343625
1546680249
1558734698
1571603880
1585435160
1595999504
1611330736
1630141497
1648780155
1660485892
1671924321
1684416820
1695225925
1707981558
1718396131
1728296039
1739551787
1750845850
1763457712
1774774980
1786214427
1799513988
1813613753
1825870658
1836105198
1846991350
1859281435
1872589967
1884670571
1894949403
1906703479
1918364271
1934997547
1946720602
1962005734
1973263997
1986221779
1996995182
2008331045
2019515232
2032183407
2043334530
2057468425
2067645439
2080106144
2096095580
2110371280
2123118650
2134557106
2144865023
2162012444
2172456776
2187028223
2208656824
2223668984
2235165127
2247737157
2259812620
2271131528
2291395762
2303793918
2316352522
2328694818
2346156803
2358912492
2370762827
2384792309
2398128520
2410041369
2422328045
2435248439
2446754832
2458797791
2474965879
2488698329
2502446942
2516027991
2528357455
2543100899
2554875364
2565958249
2578819186
2593250161
2604702850
2617300206
2630515432
2642922663
2660249937
2671948417
2683459751
2694152990
2710433382
2724265126
2741262542
2753237758
2765598104
2779376349
2789747546
2801132098
2811902026
2829837961
2839513840
2849599665
2862064919
2873288684
2882645772
2894926488
2906494042
2924989911
2941384948
2952346317
2967393794
2977962720
2989320215
3002903923
3014264942
3027855539
3040489173
3053299012
3065106289
3076847845
3088403992
3104248735
3115770035
3129394502
3143975026
3160524456
3173564325
3187395604
3201804593
3214315116
3227799075
3241968255
3252797011
3266877594
3282180367
3293636428
3308537672
3318865599
3337578825
3354096126
