1499.81
1255.25
1055.66
883.7
751.139
639.525
546.399
465.91
393.135
347.959
298.901
259.988
230.257
210.962
194.784
171.375
151.788
141.696
123.664
121.42
114.879
101.853
95.8656
86.123
79.6816
74.7652
88.9052
69.3149
67.9639
63.836
67.9251
62.7194
63.2147
57.8474
57.1817
57.2194
54.4381
49.7181
48.0918
52.1072
46.2358
45.6624
49.0444
50.94
47.7697
46.1663
44.3444
44.656
43.1903
38.8697
40.6666
43.169
45.6018
41.2453
40.1352
40.4672
40.3826
41.2069
42.7756
38.9258
38.0928
34.535
40.5665
37.8209
38.3629
35.9548
35.6172
37.862
35.8048
34.0131
36.8755
36.4827
33.8823
35.9838
36.1151
35.391
33.0048
34.3802
34.4358
33.5591
33.9234
32.8852
33.9797
31.2945
32.3722
31.4302
34.052
30.8617
31.8599
32.2128
30.2177
30.375
29.5751
29.5895
28.7364
29.3471
30.4391
27.5134
30.7835
27.6046
27.4259
26.9559
27.2281
29.7917
28.9427
27.2904
26.4124
27.359
26.2783
28.6782
27.2744
28.16
25.4105
26.8822
26.6188
28.4387
27.4214
25.5025
26.2826
25.1425
24.3005
26.1921
25.2
24.8363
25.5664
23.9619
24.8303
22.9194
22.9795
24.2432
23.7074
22.3133
23.8864
23.2694
23.4851
22.5712
23.4668
24.1765
21.1898
21.4633
21.7218
22.3469
22.0577
22.363
21.0566
20.8834
21.3135
21.654
22.5206
21.0944
20.2802
21.7997
21.6746
20.3515
20.5816
21.2686
19.9966
19.4141
20.6974
20.9962
19.9517
20.3965
19.1591
19.9982
19.5992
20.7797
19.248
19.2803
18.8596
19.3745
19.4151
17.9279
19.2381
18.9781
17.8664
18.859
18.0017
18.1716
17.2902
17.9951
18.0463
17.7945
17.8372
17.5831
17.4721
16.6835
17.4095
16.5822
16.1527
15.5013
16.7188
15.8174
15.8763
15.9976
15.9241
14.5593
15.4773
15.8709
15.3854
16.1797
