0.337061
1.01952
0.0489211
1.00271
0.997802
-0.0394938
-0.00860301
-0.0156994
0.0307005
0.0800918
1.00337
0.982669
0.184376
0.998715
0.141963
0.970765
0.900499
1.00977
1.01506
0.999672
0.00157736
0.997145
0.99281
0.958825
0.995947
0.0834184
0.926969
1.01788
0.162672
0.509756
1.27018
0.816958
0.00307865
1.01727
0.975028
1.00806
0.145503
1.01104
0.118842
0.00648596
0.995054
0.0140932
0.955337
1.01846
-0.0298174
0.0147983
0.962941
-0.0199358
0.887064
0.0619823
-0.0527994
0.00169243
0.0391034
-0.00935225
1.01117
0.968321
0.0818977
0.080569
0.0523168
0.952523
0.997252
-0.00418372
-0.0135219
0.937835
-0.0625975
0.0897299
0.997343
0.947903
0.972993
0.959272
-0.0424571
-0.0179907
0.232085
0.999094
0.724092
1.0332
-0.00857096
0.0540334
1.00407
1.01868
0.0769252
1.0155
0.968584
0.975378
0.214563
1.01379
-0.0821341
1.00242
0.43817
1.01324
0.945664
0.597625
0.0276554
-0.0198503
0.986452
0.169918
0.995647
0.124753
0.573174
0.986349
0.0452486
0.0745263
0.516359
1.00363
1.19708
0.949776
-0.0444515
1.0552
0.943703
0.003249
0.684881
0.0876304
0.769871
-0.00858417
1.02186
1.00533
0.0334808
-0.00965871
0.0163921
0.97747
-0.0385367
0.985968
0.345958
0.911997
-0.0466524
0.000753982
0.984793
0.0310325
-0.0163034
0.16326
-0.0136072
0.0103114
-0.0119134
0.765774
-0.0200648
0.977849
1.10677
1.00455
0.00647564
0.950589
1.03381
0.972724
0.024476
1.00559
0.976231
0.650708
-0.037049
1.08806
1.08273
0.0775398
0.983844
0.0879619
0.994255
1.02185
0.981651
-0.0230847
1.0032
0.0946538
1.00685
-0.0151454
0.982581
0.0728488
1.03824
0.181709
0.627766
-0.0459059
0.50874
-0.0302707
0.997702
1.00354
0.977205
1.0104
-0.173724
-0.0789051
0.95325
0.996525
1.03287
0.90831
1.01822
0.0346317
0.0467183
1.00143
0.0422955
0.0167574
0.0454013
0.939504
0.955387
1.23373
0.98911
0.00531048
1.00148
0.514211
1.01042
-0.0417184
0.98585
-0.0267028
0.0558144
0.018666
1.00281
1.06217
1.02509
0.946924
-0.0542266
1.00036
0.123444
0.0251458
1.01777
0.0220684
0.997749
0.246408
1.08292
0.0260678
1.06938
1.01309
-0.176708
0.0260079
0.754226
0.0346843
0.989349
0.0775773
1.23021
0.902145
0.0572093
1.0633
-0.00912675
0.135577
1.07835
0.903163
0.220281
0.884251
-0.0130763
-0.0879801
0.993435
-0.0279736
-0.0129351
0.00844848
-0.0388391
0.992681
-0.0647672
0.662133
0.907301
0.534261
-0.00912884
-0.00855178
0.080146
0.562127
1.00641
0.315663
1.00856
0.801461
0.945706
1.01123
0.946131
-0.0381137
0.673386
0.0307655
1.04274
0.927875
0.0999695
1.00876
1.00744
-0.063603
-0.0195568
0.540417
0.01988
0.812313
0.0350014
1.00526
0.843178
0.175707
0.0122788
0.00772686
0.751259
0.184431
-0.0310964
-0.0279409
0.0449115
1.04937
0.995889
1.03103
1.00791
1.07217
-0.0183553
0.97486
0.010983
-0.145129
0.129187
0.985614
-0.00178106
0.999565
-0.0530285
0.163406
0.128013
1.03058
-0.0288687
1.02109
1.07796
0.626268
1.28919
0.430449
1.00856
1.01104
-0.0525885
0.0927964
-0.00968666
0.0645154
-0.00105698
0.937766
0.257461
0.992542
1.04701
1.00188
0.0902251
0.0469676
0.846084
1.00679
-0.00847846
0.0427809
1.02705
0.159348
-0.0520575
0.107528
0.96245
-0.0272754
1.05716
0.0718473
1.04025
0.995605
0.157172
0.064289
0.962953
0.0924872
0.0406248
0.720808
0.0213075
1.0239
1.1621
0.225475
0.963507
1.00017
1.01048
1.00973
0.925203
0.156426
0.119562
0.61554
0.97615
1.00808
1.06353
-0.0144892
0.97287
0.00514761
0.987554
-0.330765
0.0109514
0.0836539
0.976765
1.00059
0.908276
0.285022
1.01288
1.01901
1.00021
0.313959
1.03654
-0.0225641
0.112601
1.05569
0.19469
0.988117
-0.0495146
0.0154199
1.00223
0.559829
0.111269
-0.0928144
-0.0196533
1.04136
0.968121
-0.0430327
0.790273
0.997566
0.989114
0.101453
0.422825
0.011509
-0.065948
0.417759
0.945284
0.514245
0.101162
0.997761
0.991599
0.0251184
-0.334575
0.0368912
1.01422
-0.00327412
0.646766
1.0019
0.984143
1.01805
-0.00339839
1.00193
0.983471
0.37634
-0.012799
0.100309
-0.00636529
0.355251
-0.0618892
0.972469
0.0268864
0.159971
0.859488
1.02227
0.648528
0.0688433
0.116532
0.0440628
1.05481
0.994354
1.00531
0.178711
0.953296
-0.0155533
0.996447
0.895749
-0.00603788
0.0372692
0.460968
0.0181742
0.0270784
0.92848
-0.0151684
1.04515
1.02076
1.0009
1.00817
1.00952
0.023979
0.00968958
-0.0132441
1.03562
0.996872
1.00657
0.862093
-0.0170049
0.0355486
-0.0415982
-0.0165971
0.998737
0.0287778
0.940613
0.339565
0.701282
0.100289
-0.013139
1.01454
0.0511991
0.159821
0.900026
0.773499
0.178043
0.982665
0.221838
0.996953
0.00210351
1.01302
-0.0142635
0.978448
-0.00979041
0.0159872
0.993902
0.990351
1.00576
0.993894
0.0441911
-0.0113274
0.967448
0.9615
0.714785
-0.39256
-0.0130598
1.01261
0.98649
0.331042
0.889523
1.04311
0.00292957
-0.00593478
0.951737
0.805517
0.045447
-0.0233077
1.01353
0.709748
0.99377
0.999029
-0.0623404
0.56927
1.08258
0.613638
0.0355674
0.395292
0.0621081
0.172556
1.03831
0.168904
0.988621
0.169386
0.958642
0.994981
0.170229
-0.00491731
-0.0115624
0.000358926
-0.000829314
0.0212911
-0.0149345
0.0319563
-0.00948794
0.883624
1.00251
0.641976
0.0214247
-0.0178414
1.00088
0.58457
0.884665
-0.0404438
0.0379699
1.02609
0.0451965
0.70311
0.955395
-0.10103
0.97596
-0.0101021
1.07107
0.0583286
0.878264
0.030755
0.0108103
0.0340275
-0.0168737
1.04031
0.969253
0.934721
0.939321
0.97581
0.0288516
0.0240045
-0.018895
0.988061
0.059644
0.808999
0.701295
0.130035
1.02663
1.06378
1.00495
0.974975
-0.00784041
0.0496518
0.958675
0.023186
0.0173162
0.00525987
0.0378165
0.758723
1.09572
-0.0244777
1.00334
1.03735
0.254069
0.99506
0.670713
0.998271
-0.0332565
-0.0428261
-0.00867726
-0.0568909
0.607848
0.971548
0.0188815
0.00657676
0.0247295
1.02608
0.940165
1.00059
0.0241657
0.0733854
-0.0719454
-0.0134795
1.00398
0.00154923
0.634144
1.06829
0.0122515
0.418528
0.847151
0.00899011
0.968577
0.0809101
0.274986
-0.0123773
-0.260515
0.98819
0.892821
0.78906
0.981736
1.02538
-0.0156088
0.957992
-0.0186225
0.00175823
-0.0635734
-0.00922759
1.01799
-0.00630585
-0.140291
-0.0627199
0.16814
0.981329
0.752965
0.995365
0.000364775
-0.00123561
-0.313049
0.0016795
0.919354
0.899634
-0.0491378
1.02948
1.02659
-0.0312168
1.02307
1.01123
1.11323
-0.0752569
1.05637
0.153689
0.194084
0.571253
-0.008151
-0.02775
1.15934
0.00946517
1.00968
0.00250945
0.0870296
-0.0900285
1.04258
-0.0236729
-0.0174757
0.137236
-0.131507
0.00928667
1.03769
1.00988
1.06416
1.06468
0.0146604
0.0490197
0.00115009
1.00167
-0.0707891
0.0166663
1.0217
0.178126
0.03114
1.00954
1.00734
-0.0243915
0.00317033
0.0925227
1.04316
0.0957117
0.79324
-0.0017981
1.07554
0.0251213
0.971835
1.09012
-0.0845644
1.03525
0.281231
0.993359
1.09646
1.01102
0.0166163
0.996664
0.989995
-0.0192741
-0.0263551
-0.000716432
0.00905687
0.95459
-0.0902698
0.981903
-0.0320979
0.0153035
1.03622
0.122492
0.0501132
0.845206
0.996379
-0.000523455
-0.0121068
0.941889
1.01346
0.111588
-0.0489799
1.13727
0.140431
0.113397
-0.0142372
-0.00179943
0.999054
0.979761
1.0509
1.00442
0.99729
0.992611
0.848047
-0.03818
0.0358874
1.00785
-0.0167212
0.959862
1.03042
0.998448
0.98924
-0.0192797
-0.0460162
0.181046
0.995527
0.976903
0.983997
0.0190318
-0.0421896
0.0210003
0.108965
1.01863
0.0845434
1.05979
-0.157148
1.01648
-0.065448
0.171262
0.919076
0.0453313
1.01925
0.0379437
0.909975
1.1126
0.0431732
1.06461
0.976299
0.937824
0.402734
0.84423
0.168572
0.976738
1.11539
0.0267221
1.02827
-0.0220311
0.626822
0.0307383
-0.0253894
0.866803
0.995558
0.106064
1.00768
0.0273709
0.995109
0.95204
0.0567467
-0.0229496
-0.00607424
0.383485
-0.0214418
0.04164
0.884754
0.00553407
0.229177
-0.00132859
0.0132329
0.0725599
0.0153751
0.989227
0.0218885
1.05735
0.0865249
0.959233
0.979381
-0.0244524
1.0015
0.00965552
1.01004
-0.0539426
0.211187
-0.0229657
0.934549
1.00355
0.749336
-0.0199316
0.0522351
-0.0830032
1.00683
0.0445459
1.04815
1.06702
0.942471
-0.0428093
0.094734
-0.0251266
0.948772
0.720563
0.26679
1.04543
0.996223
-0.0203533
0.1204
1.00469
0.035136
-0.0339412
0.996919
-0.00766531
1.02264
0.0174249
0.320315
0.722735
0.994337
-0.0380353
-0.00789679
-0.00522847
0.986631
0.991604
0.212645
0.00613297
1.01018
0.961036
1.00599
0.0330216
0.0301822
1.00916
-0.00162392
0.0351452
0.0233666
0.237353
0.0136787
1.01687
0.0281679
0.0706645
1.00199
0.945432
0.987875
0.256947
0.985313
0.092736
0.0556341
-0.0307994
0.879557
1.05994
-0.0130373
0.96728
0.991688
0.993405
0.0135897
-0.021429
0.97971
-0.00562523
0.953202
-0.000553525
-0.0331653
1.40975
0.679941
-0.0207191
-0.266825
-0.0234223
0.9865
0.484124
0.761449
0.00222268
0.988667
0.894294
1.01388
-0.0159261
0.737455
1.09271
0.471649
0.232753
0.419596
1.17853
-0.019254
0.0480658
-0.0376391
-0.17004
-0.054442
-0.020163
0.0692405
0.971724
0.324006
0.011651
0.0272726
0.82291
0.238749
0.89706
1.00717
0.367547
1.0147
0.0291269
-0.00758014
0.130723
-0.00984527
1.028
0.986192
1.15878
0.993
1.07695
-0.0168223
1.03176
0.39853
0.792357
0.0504466
0.0218346
0.0546378
0.0259872
-0.000504983
-0.00479074
-0.0658476
1.26122
-0.114117
1.02448
0.949533
1.01512
-0.0984613
-0.0172181
0.656165
0.0341218
0.985908
-0.0252865
1.0303
0.331471
1.01343
-0.00126046
1.01339
0.420575
1.03343
0.236649
-0.100467
0.909958
1.02817
0.00843145
0.927949
1.00967
0.988118
-0.085667
1.14931
-0.0474148
1.00286
0.988873
-0.00889132
0.980858
1.09897
0.982026
0.0666894
0.327668
0.941867
0.0530928
1.14747
-0.0115532
0.0292439
-0.0115366
0.975036
0.748408
1.02157
1.15182
0.713696
0.0701381
0.974273
0.0261553
-0.00655906
0.470293
0.975678
1.0029
0.290633
0.021796
1.13151
0.0425831
0.769059
0.0120916
-0.0260749
0.791983
0.986179
-0.00399661
-0.00860116
