0.947554
0.960086
0.973566
0.97816
0.97952
0.98244
0.982402
0.984512
0.98566
0.98732
0.987308
0.988762
0.988974
0.989066
0.989028
0.989426
0.989522
0.990348
0.990308
0.990508
0.990974
0.990974
0.99103
0.991202
0.99126
0.991226
0.991248
0.99124
0.9915
0.992302
0.992518
0.992502
0.992478
0.992558
0.9926
0.992616
0.992536
0.992516
0.992472
0.99258
0.99252
0.992572
0.992528
0.992528
0.99254
0.992636
0.99264
0.99262
0.992592
0.992608
0.992612
0.99262
0.99262
0.992676
0.992676
0.99268
0.99268
0.992696
0.992688
0.99262
0.99262
0.992628
0.99268
0.992656
0.992656
0.992752
0.992768
0.992792
0.992792
0.992792
0.99278
0.99278
0.99278
0.992776
0.992756
0.992728
0.992696
0.992712
0.992704
0.992672
0.992616
0.992608
0.992628
0.992624
0.991856
0.991872
0.99184
0.991844
0.99184
0.991788
0.991808
0.991768
0.991784
0.991812
0.991808
0.991824
0.991812
0.991788
0.991776
0.99176
0.991776
0.99176
0.99174
0.991748
0.991744
0.991736
0.99174
0.99176
0.991748
0.991824
0.9918
0.991788
0.99184
0.991836
0.991844
0.991844
0.991844
0.99182
0.99182
0.991864
0.991864
0.99184
0.991816
0.991804
0.991792
0.991804
0.991784
0.99174
0.991728
0.991724
0.9917
0.99168
0.991652
0.991676
0.991672
0.99166
0.991672
0.991704
0.99172
0.991708
0.991752
0.991776
0.99176
0.991744
0.99176
0.991792
0.9918
0.991796
0.991808
0.991812
0.991804
0.991804
0.991836
0.991788
0.991808
0.991788
0.991816
0.991804
0.991832
0.991676
0.991712
0.9917
0.991728
0.991692
0.991708
0.991684
0.991684
0.991688
0.991684
0.99166
0.99166
0.99164
0.991632
0.99164
0.991612
0.991624
0.991628
0.991632
0.991684
0.9917
0.9917
0.991712
0.991712
0.991704
0.991716
0.991684
0.99168
0.991668
0.991712
0.99174
0.991736
0.99174
0.991744
0.991732
0.99172
0.991712
0.991724
0.99172
0.991716
0.991748
