0.644418
0.588758
0.53733
0.492053
0.451464
0.415567
0.384006
0.356014
0.331344
0.308681
0.29006
0.274183
0.259489
0.246573
0.236439
0.226665
0.218651
0.212257
0.20678
0.201774
0.198367
0.195513
0.192924
0.190792
0.189224
0.187424
0.186327
0.185108
0.184303
0.183218
0.18245
0.181896
0.181821
0.181429
0.181068
0.180487
0.180228
0.179695
0.179307
0.179275
0.179294
0.179407
0.179454
0.17932
0.179449
0.179417
0.17948
0.179541
0.179409
0.179174
0.17925
0.17892
0.178755
0.178782
0.178714
0.178809
0.179202
0.179355
0.179341
0.179774
0.179866
0.179888
0.180132
0.180239
0.180421
0.180465
0.180244
0.180345
0.180295
0.18043
0.180375
0.180351
0.180344
0.180564
0.180542
0.180695
0.180768
0.180739
0.180811
0.181273
0.181181
0.181127
0.181225
0.181125
0.18109
0.180735
0.180823
0.180928
0.180958
0.181276
0.181219
0.1812
0.181325
0.181238
0.181141
0.181317
0.181331
0.181434
0.181476
0.181559
0.181657
0.18164
0.181676
0.181765
0.181966
0.181837
0.181844
0.181965
0.182051
0.182276
0.182435
0.182386
0.182464
0.182579
0.182529
0.182594
0.182637
0.182803
0.182808
0.182912
0.182794
0.182951
0.18306
0.182937
0.182992
0.182918
0.182993
0.183127
0.18338
0.183404
0.183577
0.183591
0.183701
0.183746
0.183749
0.183785
0.183737
0.183712
0.1836
0.183569
0.183534
0.183471
0.183474
0.183375
0.183407
0.183344
0.18333
0.183487
0.183573
0.183597
0.183567
0.183601
0.183546
0.183502
0.183493
0.183526
0.183533
0.183469
0.183634
0.183612
0.183402
0.18349
0.183464
0.183424
0.183437
0.183519
0.183462
0.18342
0.183376
0.183384
0.183524
0.183794
0.183911
0.183854
0.183822
0.183767
0.183737
0.183658
0.183789
0.183785
0.183727
0.183952
0.183912
0.183976
0.184019
0.183996
0.184023
0.184024
0.183989
0.183945
0.183988
0.183964
0.183921
0.183987
0.184001
0.183972
0.183973
0.183984
0.183853
0.18383
