0.291795
1.00877
0.0315584
1.00207
0.997538
-0.0260477
-0.00660919
0.00993903
-0.018218
-0.0169339
0.997529
0.98695
0.123106
0.988957
0.136968
0.988222
1.06518
1.04149
1.05896
0.992795
0.0451107
0.996988
0.986833
0.968725
0.997984
0.0273431
1.0042
1.00696
0.227316
0.572321
1.34401
0.891717
0.0171625
1.03834
1.02577
0.997383
0.1756
1.02122
0.135382
-0.0256606
1.02613
-0.000349793
0.950218
1.02915
-0.0368474
-0.00749463
0.954929
-0.0168563
0.845995
0.0260427
-0.0478648
0.0184304
0.0304067
0.0391581
1.00395
0.848815
0.00371474
0.0685401
0.129584
0.93673
1.00915
-0.00640829
-0.000298385
0.937125
-0.0561796
0.0710892
1.00406
1.00544
0.879372
1.06919
-0.0225278
0.0495512
0.153496
1.07429
0.764113
1.03228
0.0233644
0.0505676
1.00023
1.00202
0.091767
0.99092
0.977723
1.0622
0.327521
0.993721
-0.0636694
1.01172
0.457947
1.03725
0.940524
0.575614
0.0826607
-0.00818407
0.987443
0.113773
0.999259
0.151009
0.498334
1.00777
0.0331035
0.06726
0.55529
1.0021
1.10604
0.954101
-0.00283345
1.00654
0.887067
0.0181672
0.664566
0.0099177
0.82466
-0.032305
1.0463
0.999044
0.0228973
-0.0161588
-0.0382718
1.01907
-0.0776082
0.880019
0.509742
0.893929
-0.138842
0.000880145
0.978063
0.00388048
-0.0152957
0.135954
-0.04098
0.00256021
0.0179749
0.768478
-0.0288239
0.978172
0.976765
1.06558
-0.0023371
1.00681
1.02258
1.04112
0.0406771
1.01147
1.00595
0.514708
-0.0983852
1.02286
1.03457
0.0751359
0.983781
0.0905098
1.00926
1.01357
0.999474
0.0014977
1.02132
0.0729286
0.971414
-0.000406897
1.00455
0.0618934
1.00611
0.186032
0.688451
0.099289
0.269674
-0.0630582
1.06259
1.00047
1.0066
1.02296
-0.0930775
-0.0602306
0.911624
0.990639
0.996728
0.918361
1.02574
0.0468458
-0.00383655
1.00866
0.107748
-0.0691543
0.0360064
0.979765
0.947907
1.21085
0.986618
-0.012681
1.00573
0.538204
1.00155
-0.0137947
0.985096
0.244434
0.0893498
-0.00585004
0.980721
1.05107
1.04096
0.979297
0.012125
1.00386
0.0708581
0.0895736
1.01036
-0.00440112
1.002
0.28821
1.21672
0.0679916
1.12185
1.01157
-0.124862
-0.00267922
0.643388
0.00534751
0.98304
0.0541732
1.18749
1.00491
0.0265761
1.03062
-0.0456289
-0.00138838
1.04659
0.928983
0.205142
0.812758
-0.00147926
-0.0612092
1.01157
-0.0642501
-3.91978e-05
-0.0983625
0.0224127
0.980959
-0.050664
0.618577
0.95249
0.528561
-0.00429731
0.0301249
-0.0084058
0.579296
1.0299
0.323451
1.01084
0.940243
0.92538
1.0044
1.00401
-0.0261732
0.669571
-0.0048671
0.991584
0.912392
0.035369
1.00229
1.00992
-0.0724729
0.0484093
0.606933
-0.0294251
0.914306
0.0784668
0.999093
0.919712
0.151263
0.0313925
-0.00720908
0.809434
0.0919787
-0.0171355
-0.0173275
-0.0154683
1.03723
0.993611
1.05832
0.996824
1.09016
-0.0239123
0.992938
0.00737776
-0.167547
0.14445
1.00501
0.00662832
0.971816
-0.0162427
0.203084
0.096171
1.0115
0.0322366
0.976555
0.983523
0.671875
1.15716
0.488598
1.02136
1.0865
0.00426534
0.10545
0.00410575
0.0120221
-8.13917e-05
0.977744
0.303263
0.874859
1.02457
1.00921
0.0786391
0.0825832
0.849558
1.00322
-0.0158801
0.142232
1.05839
0.124332
-0.052986
0.00123202
1.00761
0.0803345
1.11529
0.0273903
1.03824
1.04181
0.196206
0.0244977
0.981195
0.100778
0.0334123
0.745288
0.0131504
1.00845
1.14694
0.239471
0.974381
1.00422
0.98951
0.952951
0.895063
0.205235
0.0130144
0.380476
1.00229
0.985629
1.08738
0.0433131
0.973294
-0.0106282
0.977628
-0.218186
-0.0114477
0.0765782
1.01193
1.0188
0.993518
0.229078
1.00309
1.01639
1.02176
0.204636
1.01076
0.0080015
0.16156
1.01295
0.241693
0.981398
-0.02203
0.0346643
1.00604
0.602422
0.131386
-0.03951
-0.0199028
1.02385
1.00492
-0.00589489
0.824438
1.07649
0.992419
0.0967535
0.563244
0.00381471
-0.0232336
0.355263
0.951226
0.543961
0.0887154
0.994712
0.986313
0.0433906
-0.162547
0.0373618
0.987888
0.0229731
0.557425
1.01642
0.992149
0.986907
-0.0197099
0.989728
0.990164
0.541386
0.0780642
0.107609
-0.0611927
0.381645
-0.0636553
0.995882
0.0932529
0.153858
0.836802
1.00258
0.709512
-0.00410087
0.164242
0.0208432
0.990565
1.00323
1.01899
0.117722
0.967671
-0.0572542
1.0103
0.868783
-0.00604726
-0.00500713
0.501322
-0.00642044
0.0533836
0.949981
0.0437195
1.03077
1.02815
0.999721
0.998372
1.00265
0.0311157
-0.0232888
-0.0116973
1.03071
0.991619
1.00113
0.832985
-0.0165062
0.0205094
-0.0375636
-0.00448783
1.04362
0.0315109
1.04977
0.348316
0.720764
0.101868
-0.0243857
1.0354
0.0837168
0.090505
1.1099
0.786972
0.22956
0.965153
0.277827
1.04036
-0.00825831
1.00965
0.00636633
0.929038
-0.00516369
-0.0171815
1.01015
1.0529
1.04835
1.04241
0.0620199
0.0262571
1.01111
0.96703
0.65442
-0.446395
-0.00774947
0.991319
0.974204
0.522743
0.887081
1.03727
0.0160849
-0.00763649
0.923249
0.795044
0.0292425
0.00326999
1.00763
0.868374
1.00953
0.995363
-0.042954
0.552476
1.07715
0.574016
0.0116675
0.586552
0.105092
0.129183
1.06568
0.104436
0.997323
0.107442
0.924295
1.00222
0.0908078
-0.00745084
-0.0141341
-0.00845805
0.0145383
0.0258413
-0.016658
0.0456876
-0.00851539
0.893525
1.00185
0.694149
0.00124423
-0.0426624
0.991658
0.62583
0.887166
-0.023562
-0.0427185
0.956468
0.069427
0.790374
0.949817
-0.113245
0.987267
-0.0263893
1.07769
0.0343735
1.05639
-0.00616949
0.0186241
0.0653684
-0.118429
1.0125
0.963798
0.94769
0.960122
0.990505
-0.0135904
-0.00192809
-0.0529492
0.930301
0.0431036
0.618288
0.650009
0.116699
1.0155
0.994424
0.991689
0.984592
-0.0123888
-0.0153323
0.95759
0.0296995
-0.0136355
0.016092
0.062257
0.859369
1.10945
-0.00862144
0.998806
1.01029
0.149939
0.992482
0.700574
0.96717
-0.0136023
-0.00820907
0.00910943
-0.0329645
0.628515
0.986364
-0.0170284
0.0334284
0.00887672
1.05461
0.91445
0.987275
0.0821628
0.0293129
-0.0367778
-0.036687
0.974539
-0.0652926
0.613155
1.10054
0.0700623
0.429762
0.941723
0.0212047
0.957221
0.0841008
0.171553
-0.0141929
-0.132705
0.993737
0.838734
0.802031
0.947131
1.00566
-0.0161398
0.992637
-0.0291144
-0.0220581
-0.0584553
-0.00156487
0.949162
-0.0101012
-0.187634
-0.0485773
0.0502276
0.94689
0.87739
0.96144
0.0643461
0.0018115
-0.303095
-0.0102628
0.913758
0.936943
0.0529741
0.994635
1.05876
-0.0134603
0.990405
1.01174
1.19443
-0.0720171
1.01407
0.29671
0.165815
0.54407
-0.00207866
-0.0852867
1.10971
0.0504458
0.991868
-0.031372
0.0366191
-0.0472057
0.962716
-0.00732204
-0.00984949
0.0452255
-0.0606352
-0.00118881
1.02072
1.03205
1.10029
1.05316
0.0584807
0.0274646
0.00529152
0.975394
-0.102154
0.00750031
1.0087
0.202723
0.0492046
0.98894
1.02631
0.0192572
-0.00137614
0.0691142
1.09848
0.0708403
0.819505
-0.0116708
0.846761
0.0319749
0.941187
1.11416
-0.0350554
1.09066
0.394852
0.971811
1.05047
0.948869
0.0188469
0.987617
0.979614
-0.0269765
-0.0184351
0.0223089
0.215153
0.97625
-0.0142369
0.984621
-0.035677
0.0309599
1.00722
0.0503084
0.031799
0.702768
0.998712
0.0642919
-0.00265314
0.945348
1.01324
0.0616409
-0.00869755
1.05799
0.140136
0.156333
-0.0136285
-0.0261813
1.02315
0.992115
1.0082
1.00101
0.992283
1.0511
0.836714
-0.0128521
-0.00954957
1.0218
-0.00946645
0.982822
0.981924
1.00035
0.855894
-0.00613878
-0.0341658
0.246297
1.0007
0.993128
0.973664
0.00700244
0.000674277
-0.0178912
0.0041653
1.05444
0.0969287
1.05057
-0.033436
1.03689
-0.0406984
0.174996
0.89957
0.0151001
0.991326
-0.0716032
0.988607
1.11894
-0.0169107
1.03369
0.977033
0.847831
0.2534
0.928144
0.0005555
0.998384
1.08098
0.106301
0.997035
-0.0158929
0.56966
-0.0611294
-0.0412431
0.886404
1.01221
0.1011
0.988401
0.0388623
0.920332
0.986904
0.0074921
0.0031004
-0.00148951
0.430136
-0.134718
0.00199766
0.800293
0.0378213
0.202121
-0.00278322
-0.00587899
-0.028076
-0.00206638
0.997774
0.0639264
1.01554
0.0795086
0.972843
0.977642
0.0021743
0.967673
-0.0589363
1.02707
-0.0129483
0.273768
-0.0186406
0.969884
1.02695
0.761866
0.0203709
0.150197
-0.0707826
0.996386
0.0372059
0.987109
1.02844
0.948031
0.0862169
-0.0432296
-0.0178246
0.939251
0.753388
0.243552
1.0327
0.997505
0.00481981
0.152527
1.00221
0.0528767
-0.172001
1.00084
0.00861146
0.99597
0.0262961
0.289588
0.587292
0.999797
-0.016353
-0.00497733
-0.00388563
0.998632
1.00313
0.189063
0.0147417
0.92223
0.847108
1.01916
0.0159392
-0.0102179
1.19599
0.00223091
-0.0727336
0.0329719
0.244267
-0.0371085
1.0179
-0.032506
0.0585766
1.00367
0.955639
0.994703
0.111608
0.998461
0.0801297
0.0479122
-0.0270304
0.994555
0.906012
0.00820266
0.927664
0.999202
1.00491
0.0113689
-0.0099242
0.985466
-0.0352916
0.888627
-0.0121039
-0.00326287
1.45735
0.627787
-0.0238128
-0.247022
-0.0197973
0.951109
0.535945
0.751939
0.00189342
0.970697
0.820644
1.00902
-0.00655098
0.690795
1.10547
0.442886
0.19809
0.451847
1.12007
-0.0393947
-0.0121741
-0.0247365
-0.101216
-0.0245868
0.0174585
0.0611746
0.945385
0.353318
-0.00939973
0.110082
0.895904
0.357001
0.954422
0.977002
0.465416
0.947659
-0.0031
-0.0194381
0.0512652
-0.00509711
1.00205
0.989121
1.0285
0.978461
0.968778
-0.00189566
1.11092
0.370769
0.87144
0.14051
0.0239983
0.11287
-0.016118
0.0070271
-0.0074909
-0.0803193
1.15615
-0.0560099
1.02473
1.03066
1.05385
-0.225727
0.00757885
0.739402
0.0371756
1.02821
-0.028948
1.02509
0.253216
1.03062
0.00968262
1.01171
0.376533
1.13889
0.171627
-0.154359
0.922599
0.992529
0.00904009
0.928121
0.980249
1.00585
0.029471
1.07857
-0.0333661
0.969874
0.99232
-0.0154543
1.08525
1.20573
0.943283
-0.0149629
0.28894
0.925112
0.178632
1.01872
-0.0185329
0.0182669
-0.024716
0.981277
0.71874
0.999758
1.01633
0.756709
0.0441166
0.978573
0.0048108
0.0474595
0.467184
0.969874
1.001
0.255861
-0.0197379
1.02501
0.0274678
0.75763
0.0213719
0.0516131
0.843341
1.02511
-0.0131247
-0.0352951
