0.941632
0.95604
0.972484
0.978208
0.979974
0.983042
0.985396
0.987352
0.98841
0.989018
0.989004
0.989012
0.98925
0.989742
0.989822
0.98996
0.990702
0.990822
0.990882
0.991054
0.991058
0.991082
0.99054
0.991118
0.991122
0.991096
0.991296
0.99135
0.991324
0.991714
0.991988
0.992064
0.991974
0.992026
0.992098
0.992182
0.992214
0.992264
0.99234
0.992284
0.992306
0.992282
0.992248
0.992608
0.992612
0.992672
0.992712
0.992704
0.99272
0.992772
0.992688
0.992716
0.99276
0.992716
0.992712
0.992708
0.992732
0.992664
0.992684
0.992616
0.992596
0.992596
0.99258
0.99254
0.992532
0.99254
0.992604
0.992604
0.992616
0.992596
0.992592
0.99258
0.992656
0.992624
0.992636
0.992608
0.992576
0.992596
0.992608
0.992444
0.992464
0.992464
0.992452
0.99248
0.992488
0.992564
0.99254
0.992532
0.992512
0.992488
0.992496
0.992464
0.99244
0.992472
0.992476
0.99246
0.992456
0.992452
0.992444
0.992456
0.99246
0.992464
0.99246
0.992444
0.99244
0.992456
0.992464
0.992452
0.992404
0.99234
0.992332
0.99232
0.992304
0.992284
0.992264
0.992244
0.992232
0.992212
0.992188
0.992168
0.992204
0.992192
0.9922
0.992228
0.992212
0.992216
0.99216
0.992152
0.992064
0.992064
0.992024
0.992032
0.992012
0.992008
0.991972
0.991964
0.992044
0.992036
0.992096
0.992116
0.992108
0.9921
0.99206
0.992128
0.9921
0.9921
0.992104
0.992084
0.992148
0.99214
0.992204
0.992188
0.992184
0.992192
0.992176
0.992164
0.992168
0.992172
0.99216
0.992208
0.99226
0.992212
0.99222
0.992228
0.992192
0.992232
0.992252
0.992284
0.992332
0.992304
0.9923
0.992264
0.992224
0.992236
0.992212
0.992212
0.992224
0.99226
0.99224
0.992228
0.992264
0.992148
0.99222
0.992148
0.992116
0.992068
0.992068
0.992068
0.992076
0.99208
0.992084
0.9921
0.992108
0.992064
0.992056
0.992084
0.99208
0.992088
0.992128
0.992124
