1499.81
1255.25
1055.66
883.615
751.052
639.456
546.165
465.326
392.752
347.887
300.606
261.823
230.746
210.679
191.978
168.257
151.244
140.09
122.362
120.247
112.998
100.208
93.7562
84.9701
78.9037
73.3892
86.165
68.0625
65.4875
63.8782
66.2028
64.6119
61.3165
56.2619
55.7262
57.0723
53.1717
48.9489
47.7288
51.3599
46.5972
45.3522
46.8982
50.5609
46.7729
45.5688
44.588
45.2045
44.3576
39.4729
39.5823
43.5865
46.0945
41.2747
39.4038
40.6787
39.8688
40.1393
42.6371
38.3621
36.8332
34.2263
39.2925
35.8778
37.5527
35.2159
35.0587
36.9177
34.2885
34.2134
36.4093
35.0284
32.826
35.1031
34.6408
34.2396
31.5067
32.4422
32.9185
32.904
32.3795
31.0156
32.6871
28.9623
31.5361
29.3514
31.1638
28.6029
29.5806
30.1756
28.3758
29.1471
28.1794
27.9974
26.7513
28.0948
28.5878
26.3562
27.974
25.8261
25.2138
26.3801
25.298
27.024
27.0971
25.1587
25.644
25.6551
24.955
26.7877
25.1204
26.9475
24.0379
24.9258
25.3507
26.5922
25.8131
24.3117
24.6373
23.622
23.4732
24.701
23.5196
22.9936
23.641
22.0259
22.7544
21.4344
21.1829
22.5245
22.4201
20.2304
22.3564
22.0532
21.4571
20.7289
21.2189
22.1085
19.8061
19.7897
20.7797
21.2699
20.5305
20.8623
19.4003
19.6229
20.0105
19.5444
20.5435
19.5136
18.922
19.9695
19.9026
18.8714
19.3434
20.2155
18.6189
17.6745
19.4335
19.2144
18.5075
19.0046
17.7637
18.01
17.7556
19.4716
17.6702
17.882
17.5683
17.6999
17.967
17.1484
17.5368
17.9827
16.4315
17.1263
16.5548
16.2557
16.11
16.1784
16.2283
16.4096
16.5361
16.0779
16.1257
15.4015
15.2144
15.4691
14.9425
14.5398
15.1115
14.4089
14.4762
14.708
14.3107
13.6589
14.89
14.2545
14.3069
14.8599
