0.644368
0.587742
0.536914
0.491358
0.451149
0.415163
0.384237
0.356944
0.332251
0.310057
0.291369
0.275997
0.260989
0.248797
0.238681
0.229487
0.221426
0.215792
0.210374
0.205394
0.201549
0.198452
0.195084
0.192976
0.19092
0.189686
0.188278
0.186843
0.185418
0.184521
0.183466
0.18314
0.182522
0.182084
0.181693
0.180892
0.180918
0.180641
0.180552
0.180689
0.180675
0.180469
0.180231
0.180333
0.180273
0.18028
0.180475
0.180747
0.18044
0.180351
0.180256
0.180336
0.180182
0.180221
0.180232
0.180293
0.180678
0.180801
0.180674
0.18115
0.181274
0.181775
0.181875
0.181789
0.182075
0.18211
0.18211
0.182084
0.181938
0.18187
0.182116
0.182153
0.18201
0.18218
0.182253
0.182458
0.182537
0.182647
0.182785
0.182973
0.183113
0.183021
0.183105
0.183218
0.183199
0.18328
0.183237
0.183227
0.183425
0.183656
0.183639
0.183727
0.183732
0.183719
0.183515
0.183622
0.183714
0.183777
0.183669
0.183702
0.183663
0.183563
0.18361
0.183642
0.183751
0.183945
0.184077
0.184359
0.184416
0.18428
0.184179
0.184193
0.184268
0.184395
0.18436
0.184363
0.184097
0.18417
0.184389
0.184461
0.184424
0.184831
0.18485
0.184925
0.184838
0.184829
0.184759
0.184814
0.185137
0.185122
0.18514
0.185122
0.185231
0.185153
0.185542
0.185546
0.185475
0.185607
0.185513
0.185798
0.185829
0.185715
0.185798
0.185818
0.185897
0.18582
0.185882
0.185924
0.185981
0.18597
0.185992
0.186155
0.186141
0.186154
0.186171
0.186359
0.186218
0.186219
0.186254
0.186162
0.186118
0.186174
0.186186
0.1863
0.186261
0.1863
0.186317
0.186356
0.186292
0.186291
0.186449
0.18651
0.186562
0.18656
0.186571
0.186589
0.186634
0.186567
0.186675
0.18659
0.186706
0.186841
0.186881
0.186967
0.186917
0.186865
0.186935
0.186918
0.186874
0.186755
0.186818
0.186779
0.186648
0.186622
0.186542
0.186584
0.186595
0.186647
0.186607
0.186629
