0.644592
0.589186
0.538039
0.492778
0.452462
0.416667
0.385338
0.357692
0.332697
0.309844
0.291528
0.27509
0.259835
0.247143
0.236816
0.227493
0.220299
0.215191
0.21003
0.205189
0.200396
0.197206
0.194042
0.191995
0.189889
0.188302
0.187217
0.186264
0.185401
0.18469
0.184389
0.183955
0.183115
0.1832
0.183108
0.182553
0.18251
0.181939
0.181833
0.18178
0.181777
0.181847
0.181532
0.181659
0.182256
0.182423
0.182608
0.182901
0.182943
0.183018
0.183079
0.183192
0.183188
0.183287
0.183464
0.183576
0.183934
0.184167
0.184474
0.18513
0.185186
0.185441
0.185398
0.185397
0.185425
0.185628
0.185734
0.185564
0.186048
0.186029
0.185962
0.186206
0.186444
0.186548
0.186641
0.18656
0.186851
0.186801
0.186925
0.186788
0.186648
0.186774
0.186922
0.186939
0.187211
0.187211
0.187261
0.187287
0.187421
0.187648
0.187655
0.187732
0.1879
0.187858
0.187919
0.187907
0.187833
0.187891
0.188031
0.188379
0.18845
0.188501
0.188493
0.188429
0.18859
0.188767
0.189186
0.189128
0.189136
0.189148
0.189287
0.189132
0.18917
0.189152
0.189262
0.189256
0.189393
0.189284
0.189095
0.189173
0.189332
0.189641
0.18968
0.189676
0.189706
0.189718
0.189867
0.189848
0.190052
0.190252
0.19046
0.190533
0.190601
0.19076
0.191086
0.191112
0.190961
0.19102
0.190895
0.191011
0.191065
0.191023
0.191012
0.191051
0.19108
0.190969
0.190883
0.19094
0.191031
0.190939
0.191041
0.190959
0.191177
0.191138
0.191315
0.191363
0.191357
0.191334
0.191371
0.191293
0.191192
0.191139
0.191184
0.191241
0.191336
0.191383
0.191502
0.191633
0.191604
0.19149
0.191598
0.191628
0.191726
0.191855
0.191739
0.191725
0.191774
0.191659
0.191663
0.191497
0.191506
0.191694
0.19178
0.191942
0.191929
0.19191
0.191968
0.191905
0.191834
0.19169
0.191691
0.191622
0.191385
0.191383
0.191343
0.191192
0.191265
0.191262
0.191204
0.191307
