0.52323
1.03128
0.0252226
0.995578
0.978512
-0.0446347
0.00249069
-0.0249791
-0.0133374
-0.0152794
1.00291
0.993495
0.0354778
0.977125
0.12122
0.981962
1.00325
1.05194
0.97522
1.02319
-0.0158947
0.998604
1.00441
1.01455
0.989415
0.00686034
1.01675
0.998085
0.266288
0.573114
1.19035
0.999841
0.00346378
1.05679
0.994462
1.01541
0.0901454
1.00839
-0.0105772
-0.00674176
1.00371
0.0114338
0.939971
1.02376
-0.00494214
0.0149559
0.983975
0.014199
0.772569
0.000271311
-0.00448551
0.0124815
0.0569088
-8.87734e-05
0.997642
0.998347
-0.00541077
0.0639227
0.306624
0.950862
0.988212
0.00148435
0.0658942
0.850936
-0.0097367
0.108065
1.01199
1.00809
0.854571
0.853856
-0.0475125
0.00792089
0.170636
1.0677
0.809597
0.994339
-0.0193089
-0.0341298
1.01415
1.00406
0.0241703
1.00876
0.96132
1.05285
0.256956
1.00717
-0.196654
1.00344
0.449468
1.02052
1.01912
0.646248
-0.0103572
-0.0355865
0.980671
0.0620589
0.988217
0.110296
0.565594
1.00121
0.0911253
-0.0930778
0.817891
0.992877
1.0095
0.973996
-0.0130386
1.02544
0.98934
-0.00493304
0.676094
0.101206
0.813217
0.0106583
0.966537
0.998529
0.0246423
-0.00999176
0.00920173
0.953011
-0.0221526
0.857372
0.31055
0.903875
-0.0618329
-0.00401106
0.939129
0.104075
-0.0142237
0.241078
0.12988
0.0146575
0.0186744
0.775933
-0.0548574
0.974186
1.05814
1.01355
-0.0200147
0.956896
1.00946
0.976388
0.0223357
1.02817
0.992439
0.492303
-0.108327
1.15283
1.11137
-0.0605379
0.990289
0.102803
1.04648
0.980471
0.924109
-0.0391468
1.01776
0.0111525
1.02675
0.0111899
0.99475
0.0521535
1.02216
0.0699214
0.667747
0.0224045
0.281808
-0.0281351
1.01573
0.932273
0.989795
0.912927
-0.0675014
-0.0778268
0.949257
0.986617
0.988669
0.893445
1.02013
0.0221177
0.0391642
1.00585
0.0566564
0.0135674
-0.00802586
1.00274
0.964385
1.15669
0.984581
-0.0671102
0.994958
0.568172
1.00801
-0.0235568
0.989592
0.0256322
0.12609
-0.0504282
0.993869
1.00308
0.978428
0.947832
-0.0400399
0.997067
-0.00543071
-0.00393761
0.997089
0.0353358
0.986001
0.164182
0.872869
0.0936782
1.04398
1.00648
-0.0669782
-0.0197086
0.751255
-0.00804787
0.991703
0.0745028
1.11492
0.972704
0.0122763
1.05865
-0.0193497
0.0809605
1.05531
0.746446
0.0603649
0.779455
0.0126848
-0.0430577
0.992617
-0.00566013
-0.0157066
0.0319859
0.172094
1.01181
-0.0437165
0.609553
1.0485
0.614214
0.0015603
-0.0110697
-0.0171507
0.654672
1.02637
0.243366
1.02207
0.923559
0.941902
1.00398
0.912757
-0.0290713
0.766767
0.0331786
1.0177
0.834937
0.197089
0.995297
1.00651
0.0304421
0.00947057
0.514129
0.00279057
0.896566
0.0522138
1.06644
0.671668
0.199146
0.0275778
0.00831836
0.719342
0.400455
-0.0174033
-0.0129928
0.0637713
1.00978
1.02698
1.05483
0.982558
1.01115
-0.0144383
0.967262
0.0180026
-0.0821004
0.130558
0.995219
0.0166575
0.992333
-0.0448574
0.0406044
0.120009
1.01666
0.0341186
1.01247
1.02644
0.737905
1.19612
0.54687
1.01482
1.02429
0.0113162
0.0618422
0.00585842
0.052625
0.00676302
1.04449
0.215422
0.574725
1.04094
1.00625
0.0275525
0.0645913
0.803969
0.994687
-0.0149557
-0.0501055
1.01758
0.171846
-0.0052726
0.0267629
1.02507
-0.0223709
1.17265
0.0127307
1.03519
0.93614
0.356643
0.00785247
0.989418
-0.0430025
-0.0008515
0.432583
0.0144201
0.979501
1.20908
0.292833
0.981432
1.03793
0.976296
0.99039
0.903695
0.152546
0.0560925
0.441976
0.996791
0.999414
1.04417
0.0387198
0.913034
-0.0134343
0.988463
-0.183112
0.0265053
0.109243
1.01843
0.975364
0.855588
0.397038
0.9718
1.0248
1.00399
0.405799
0.994767
-0.0325807
0.263648
1.03484
0.247243
0.989702
-0.00792496
-0.0231772
1.00409
0.537436
0.0146882
0.0228546
-0.0162021
1.02497
0.986643
0.0964475
0.908148
0.964063
1.00826
0.102462
0.814584
0.00736704
0.0285336
0.627321
1.00901
0.408645
0.0481128
1.00145
0.997268
-0.0391338
-0.0786615
0.0485843
0.920642
0.0311396
0.744629
1.00783
0.996263
1.03308
0.0753361
0.985837
1.01311
0.44688
0.126151
-0.0174791
0.0805578
0.269368
-0.0227979
0.981371
-0.0433039
0.254507
0.816281
1.00368
0.441525
0.0205051
0.0536812
0.0181123
1.01171
0.993211
1.00425
0.126628
0.994054
-0.0844039
0.985935
0.955254
-0.00632478
0.0566093
0.624805
-0.019559
0.00320486
1.11706
-0.123875
0.974537
1.02596
1.00008
0.998399
1.00092
0.0300855
0.0162139
0.00960408
1.03751
1.00447
1.00505
0.757144
-0.0333371
0.0666255
0.0135057
-0.00873193
0.992368
-0.0296917
1.02357
0.24957
0.752955
0.115766
-0.00436049
1.00154
-0.067342
0.0549318
0.857254
0.868767
0.116609
0.995623
0.560841
0.993254
0.0233836
0.95834
0.00553269
0.970257
-0.0231295
0.0613419
0.995828
1.02642
0.972491
1.02932
0.0194023
-0.0243925
0.952408
0.944163
0.836879
-0.324283
0.00429653
0.993036
0.993122
0.503229
0.870717
1.0347
-0.0684908
0.0218836
0.962997
0.882457
0.0129077
-0.0126951
1.02899
0.676669
1.00078
1.00064
-0.109376
0.576581
1.10266
0.484282
-0.0335202
0.604957
0.0417897
0.21253
1.06963
0.25286
0.983485
0.178756
0.980464
0.984995
0.0288628
-0.0232207
-0.0320606
0.0211222
0.0187377
0.031091
-0.0220083
0.0439399
-0.0100891
0.896153
0.977396
0.745208
0.0289074
-0.0552517
1.00646
0.686047
0.867657
0.0193105
0.0154638
0.942065
0.27986
0.703175
0.826088
-0.0133638
0.99542
-0.0696257
0.989629
-0.0684351
0.902633
-0.00734221
0.0411739
0.0425278
-0.0398281
1.0454
0.955726
0.982256
0.960584
0.965716
0.000453533
-0.0201308
-0.00659636
1.05279
0.0461864
0.741778
0.573403
0.277513
1.00446
0.991132
1.00652
0.963906
-0.021084
0.110633
1.022
0.00567301
0.169478
-0.0162928
-0.0405865
0.86336
1.0494
-0.0324579
1.02406
1.00533
0.248015
1.02339
0.466362
0.964717
-0.000984432
-0.0454954
-0.0631495
-0.00156047
0.448924
0.974537
-0.0348122
-0.0138125
-0.027889
1.01861
0.921192
0.998409
0.0546588
0.172445
-0.0176998
-0.0077977
0.992906
0.0382316
0.599819
1.14424
0.0652765
0.389744
0.78023
-0.0269859
0.985024
0.00577913
0.167871
-0.0345909
-0.0315724
0.979381
0.981986
0.852073
0.982522
1.01764
0.0474877
0.98612
-0.0293334
0.00706315
-0.0189036
-0.0117363
0.923126
-0.0403504
-0.0863308
0.0400199
0.0544972
0.943339
0.79075
0.989696
0.0298244
-0.0201042
-0.262573
0.111653
0.87638
0.866334
-0.0461112
0.998505
1.10493
-0.0189034
0.95634
1.00582
1.17527
-0.0720308
1.01277
0.366119
0.347836
0.64707
-0.0113343
-0.0202451
0.919448
-0.0898303
0.992391
0.0127342
0.0619261
-0.0169796
0.979052
-0.0107067
-0.0200731
0.146772
-0.203591
-0.000964337
1.00854
1.02663
1.08517
1.02071
0.0465962
0.0800171
-0.0212961
0.994676
-0.112734
0.0167365
1.00114
0.072968
0.00241464
0.987105
1.01907
0.0353375
-0.00847481
-0.0214875
1.18428
0.063475
1.03401
0.0205317
0.882344
0.0285308
1.00999
1.11074
-0.0415343
1.17419
0.516758
1.01428
1.0181
1.05646
0.0219288
0.990842
1.00516
0.0256747
-0.00699489
0.0296414
0.147534
1.05952
0.0166686
0.938029
-0.00454395
0.00628047
1.01007
0.078619
0.105528
0.790758
0.984094
0.0671157
0.0495854
0.954377
1.01724
0.0140281
-0.0164444
1.0677
0.113752
0.0571737
-0.0189854
0.0392649
1.02326
0.999593
1.00191
0.987424
0.976213
1.00236
0.803534
0.018579
0.0489031
0.994845
-0.00652523
0.99745
1.12265
1.00219
1.17097
-0.0427459
0.169797
0.189561
0.983347
1.00981
0.970722
0.00740343
0.0536381
0.0848625
0.00529925
1.03844
0.0470794
1.00959
-0.108011
1.01123
-0.023158
0.100121
0.945308
0.0359714
0.966323
-0.031595
1.08107
1.10695
-0.055304
1.09543
0.957193
0.911532
0.335176
0.93272
0.301354
0.987323
0.939842
0.0742756
1.00548
-0.00862523
0.686192
-0.0216081
0.0152701
0.949507
1.00686
0.208676
0.987874
0.0331074
1.00721
1.01048
0.00474746
-0.0267139
0.104915
0.411871
-0.0294773
0.0557673
0.746804
-0.074128
-0.0750375
-0.0201168
-0.0239376
-0.0283745
-0.0178186
0.994901
0.0005782
1.06347
0.105389
1.01258
0.961858
-0.00755071
1.01801
-0.0375386
1.03796
-0.0291264
0.238665
-0.0144706
0.954203
1.03358
0.68549
0.023989
0.0624063
-0.0646197
0.994013
0.0550704
1.03562
1.13146
0.786332
0.0798013
-0.0065773
-0.0244287
0.930514
0.745748
0.372541
1.01232
0.991711
0.0339021
0.098274
1.01063
0.110356
-0.3727
0.999031
-0.0133755
1.00422
0.00247551
0.5011
0.634646
1.00346
-0.0287734
-0.00768139
-0.0241816
1.00013
0.967167
0.2828
-0.00429138
0.945199
0.710779
0.996768
-0.000463157
-0.0513305
0.975846
-0.0125299
-0.0225609
0.194836
0.332694
-0.0253381
0.970404
0.148014
-0.0137142
0.986193
0.965663
1.00159
0.069548
0.970932
0.112236
0.0468705
-0.0561113
0.820985
1.12048
-0.045517
0.931875
1.01795
0.938821
0.0218115
0.0116559
1.00836
-0.019345
1.14493
0.00770203
-0.058242
1.34708
0.621164
0.0516289
-0.0574794
0.0136407
0.797294
0.857759
0.893179
0.00443826
0.990584
0.813908
1.01199
-0.0102842
0.881786
1.09325
0.541879
0.228649
0.41905
1.0919
-0.0900221
-0.00743454
-0.0188687
-0.147527
0.0355536
-0.0262151
0.0530406
0.909903
0.277705
0.0174923
-0.0287652
0.770503
0.368113
0.958986
1.00792
0.697792
1.06595
0.00264633
-0.0195455
0.157822
-0.0146047
1.01181
0.993136
1.12565
0.98383
0.978805
0.00409995
1.04383
0.448114
0.591376
0.119263
0.0691274
0.198655
0.0123992
0.0388016
0.0137331
-0.0888669
1.1376
0.0117912
1.13251
0.961979
1.02429
-0.0472032
-0.09285
0.743127
0.115582
1.03136
0.0863632
0.999579
0.233987
1.04983
-0.014736
0.996154
0.273643
0.942405
0.22421
-0.128836
0.967672
1.07489
0.00638449
0.972707
0.997262
0.986929
0.0157375
1.14637
-0.0693356
0.986589
0.938456
-0.0310335
0.967501
1.10544
0.994364
0.0931397
0.356064
0.984388
0.226612
0.993169
0.0275237
-0.0170976
-0.000952943
0.984532
0.470187
1.00279
1.00802
0.583685
0.0165863
0.959974
-0.00803906
0.0854514
0.590434
0.987157
1.01453
0.404074
-0.00972274
1.10045
-0.0232998
0.857591
0.0352173
-0.0530736
0.87185
0.996006
-0.0252876
-0.0215173
