0.450122
1.05194
0.0600808
1.00235
0.941957
-0.0680497
-0.00755939
0.00106826
-0.065083
0.00747461
1.02063
1.03497
0.123048
0.992333
0.15042
0.958321
0.930002
1.03703
0.984412
0.99511
-0.0316215
1.02968
0.995694
1.00573
1.00093
-0.0245601
0.98144
0.999965
0.231875
0.472817
1.09422
0.933659
0.0180391
1.02742
1.00951
1.00073
0.106703
1.00804
0.0542127
0.00946487
1.01057
0.0133375
0.97561
1.0196
-0.000659365
0.039404
0.917845
-0.00734607
0.844054
0.0914083
0.0591433
0.0111563
-0.01038
0.00526525
1.00799
0.973677
0.109108
0.026168
0.357577
0.95411
1.00005
-0.00323934
-0.0118169
0.910518
-0.0616482
0.0427832
1.00638
1.02692
0.991016
0.82371
-0.0912027
0.00466524
0.0971134
1.07705
0.808363
1.03112
0.0142096
-0.0556814
1.01502
0.999392
0.0529773
0.96875
0.782702
1.00742
0.238291
0.98011
0.0508662
1.02612
0.471836
1.04769
0.994139
0.710256
0.000778082
-0.00399992
0.993293
0.106546
0.985149
0.0779575
0.594541
1.00817
0.128473
-0.0889644
0.70011
0.985356
1.02953
1.05159
-0.00556665
0.997412
0.987211
-0.0161452
0.609021
0.053764
0.793526
-0.00185595
0.970308
0.969792
0.0359474
-0.00594103
0.0182422
0.966358
-0.0317869
0.852702
0.480498
0.796868
-0.0509323
-0.0102425
0.975377
0.0346944
-0.0155641
0.246005
0.150881
0.00446341
0.0152846
0.812511
-0.0410467
0.981747
1.05564
1.03812
-0.0308774
0.987099
1.01557
0.99359
-0.00683624
1.04472
0.968838
0.459334
-0.0703554
1.09596
1.16462
0.0011927
0.98899
0.0583672
1.05588
0.997259
0.949587
-0.0105226
0.996814
0.00105832
1.0272
-0.000168766
1.00674
0.100757
1.04049
0.0972827
0.670983
0.122079
0.314189
-0.0043523
1.01203
0.977156
0.984222
0.868257
-0.109374
-0.12858
0.930821
0.988129
0.986124
0.849445
1.0388
0.0697942
-0.00757719
0.987942
0.0517578
0.0225239
0.0494255
1.01318
0.950255
1.15135
1.00844
-0.0106567
0.981501
0.699044
1.01887
-0.00707032
0.977614
-0.0255103
0.027364
-0.0235646
0.983548
1.05934
1.03681
0.909668
-0.0172128
0.999883
0.0321551
0.168552
0.999276
0.0175213
1.00155
0.244889
0.993868
0.0245845
1.0513
1.00509
-0.136242
-0.0228432
0.744817
-0.0152195
0.97887
0.0645339
1.19142
0.984631
-0.0146966
1.07746
-0.037108
-0.0769107
1.04858
0.743229
0.176924
0.716569
-0.0105919
-0.0220792
0.986948
-0.114612
-0.0194289
0.00211675
-0.018108
1.03128
-0.0224891
0.624759
0.836742
0.609125
-0.0718327
-0.0132396
-0.0122543
0.578665
1.00697
0.341951
1.01827
0.904488
0.929216
1.00843
0.980891
-0.0255999
0.7232
0.0413058
1.03812
0.971466
0.102809
0.992275
1.04761
-0.00123149
0.0293183
0.444449
0.0333305
0.867224
0.00823551
1.05273
0.636675
0.131159
0.0177799
-0.0226113
0.742282
0.404715
-0.0156396
0.00557453
-0.0488994
1.00573
0.993678
1.03322
0.971874
1.0097
-0.0238035
0.98969
0.052893
-0.247165
0.0998927
0.994873
-0.0192125
1.03103
-0.0167832
0.206208
0.137486
1.03234
0.0360888
1.02727
1.00085
0.690589
1.26742
0.546386
1.03196
1.01357
-0.0509793
0.0530786
0.0129712
0.0324023
-0.00101245
0.998277
0.421154
0.759248
1.01999
1.00861
-0.0163593
-0.00720151
0.815482
0.989433
-0.0136421
-0.0111197
1.01336
0.110554
-0.0148308
0.0288529
1.02693
0.108747
1.06196
0.0542116
1.02285
1.01717
0.428396
0.059698
0.995484
0.0279584
-0.00300767
0.495494
0.00329259
1.0039
1.12573
0.130031
0.978949
1.03145
0.997547
1.02408
0.949603
0.128051
0.0305281
0.368753
0.983439
1.02415
1.03092
0.0802782
0.965447
-0.0280339
0.911358
-0.114324
0.0285257
0.139114
0.962237
0.981375
0.922259
0.330701
0.977937
1.03238
0.998474
0.329843
1.03421
0.0242365
0.1134
1.07341
0.2078
0.989202
0.00516754
0.0473572
0.98603
0.602517
0.0679208
-0.0311447
-0.0292619
1.01227
0.973934
-0.0203317
0.964947
0.991949
0.995831
0.183581
0.45608
0.0504508
0.0427109
0.516614
0.969552
0.414172
0.0812716
0.986123
0.991321
-0.0261268
0.0127465
0.0369432
0.994155
0.0566228
0.59397
0.986445
1.00192
1.03272
0.107644
0.990018
0.996253
0.407756
0.151732
-0.0054988
0.125892
0.324193
-0.0646284
0.984351
0.0146336
0.2312
0.903441
0.989636
0.462824
0.0691974
0.0787247
0.0363759
1.00144
1.02323
1.00691
0.135858
0.991668
0.0112525
0.989459
0.909956
-0.0113265
0.0536301
0.640352
0.0353708
0.00497142
1.04858
-0.0960167
1.00681
1.00992
0.992602
1.01
0.992009
0.0866382
0.061666
0.0125522
1.00858
0.997578
0.980365
0.709152
0.00111158
0.0577398
-0.0198808
0.00108006
0.996569
0.0840575
0.985084
0.160912
0.766915
0.130696
-0.0247492
1.02386
0.0677824
0.0558507
1.05952
0.896014
0.270625
0.970558
0.460645
0.955243
-0.0210197
0.956805
-0.0145905
0.98922
-0.0283565
0.0730516
0.995491
1.06119
1.00938
1.00652
0.0745896
-4.49352e-05
0.966987
0.991237
0.728121
-0.33163
0.00398118
0.981916
0.981195
0.364616
0.778589
1.02735
-0.00771125
-0.00224753
0.980808
0.817207
0.0262978
0.0166407
1.0042
0.871863
1.00509
1.01186
-0.0576839
0.610035
1.15063
0.637258
-0.0221854
0.457599
0.0703079
0.129798
1.04864
0.279631
1.00211
0.0781041
0.911045
1.00855
-0.0102252
0.00175756
0.0251784
0.0670249
-0.00373262
-0.00969782
0.0243045
0.0541374
-0.011499
0.917117
0.991318
0.759011
0.0115685
0.0324654
1.01246
0.709707
0.860445
0.0292367
-0.0678358
0.992342
0.0631089
0.790812
0.861053
-0.0926156
1.00577
-0.0309375
1.03591
0.000497864
0.853046
-0.002717
0.0636691
0.0337556
-0.0171504
1.00921
0.998909
0.980574
0.96943
0.972491
-0.00489345
-0.0176571
-0.0209601
1.02834
0.0701123
0.969582
0.555546
0.0533384
1.01516
1.02423
1.0457
0.96406
-0.0647667
0.224031
0.979013
-0.0337353
0.0941802
-0.0626134
-0.0174034
0.903014
1.10627
-0.0323232
1.0024
1.02691
0.213732
0.999421
0.495571
0.950217
0.00360856
-0.0115973
0.00162832
-0.0908789
0.54715
0.969722
-0.0105524
-0.0453621
-0.00596607
1.05464
0.978585
1.01258
0.0280156
0.0972401
-0.0656497
-0.0877
0.960381
-0.121205
0.597528
1.12362
0.0903039
0.571182
0.847174
-0.00721204
1.06491
-0.0153177
0.136581
-0.0126964
0.121171
0.990896
0.896866
0.739322
0.988471
0.993121
-0.00337387
0.978506
-0.0610344
-0.00547709
-0.0774595
-0.0411027
0.852105
-0.0470215
-0.261517
0.0691281
0.019682
1.04096
0.797894
0.963205
0.0993705
8.38584e-05
-0.353104
0.00680111
0.798989
0.879293
-0.0630701
1.01979
1.06709
-0.0313103
1.08589
1.03366
1.20118
0.0198523
1.03046
0.304534
0.390573
0.584523
-0.00906591
0.0107338
0.987024
0.112466
1.00306
-0.00202234
0.041207
-0.0986001
1.00187
0.00283282
-0.0199673
0.16012
-0.153074
0.013108
0.989508
0.993565
1.09935
0.996371
0.0203629
0.187048
-0.0288001
0.995468
-0.105512
-0.0377115
1.02489
0.123809
0.0108299
0.980423
1.01895
-0.030071
0.0148594
-0.0162276
1.14296
0.0546605
0.886348
0.026737
0.773526
0.108577
0.920892
1.05588
-0.0367296
1.05219
0.531744
0.992603
1.01327
1.07214
0.00841337
1.01377
0.985028
0.00953245
-0.0128858
0.0216937
0.0397179
1.0168
-0.0271633
1.00424
-0.00880593
-0.0226683
1.00811
0.148735
0.0463169
0.718787
0.989003
0.0315693
-0.0569871
0.875
1.00161
0.0505247
-0.0341551
0.940811
0.102517
0.146035
-0.00527065
0.00462274
1.02019
0.992212
1.02092
0.994352
0.960387
0.907916
0.769813
0.0155776
0.022836
1.00317
0.0048956
0.95525
1.08971
0.998363
0.948434
-0.00965068
0.062515
0.231406
1.00065
0.977977
1.00565
0.0199015
0.00513802
0.127834
-0.0675104
1.03534
0.0254487
0.998878
-0.086315
1.02696
-0.0263579
0.0870911
0.937638
0.0696686
0.975596
-0.0707636
0.973598
1.14034
0.00936587
1.11209
0.996032
0.916089
0.384148
0.952802
0.248051
0.986547
1.03729
0.0516706
1.01086
0.00129389
0.616595
-0.0127973
0.0153364
0.83698
0.999188
0.131652
1.00855
0.0275271
0.824659
0.987792
0.123945
0.000982842
0.0761045
0.523115
-0.0472354
0.0558064
0.738858
-0.0579956
0.129186
-0.00238866
-0.0044253
0.00987368
-0.0220233
1.00428
0.108027
1.01981
0.187677
0.989482
0.956475
-0.000856836
0.959647
-0.0521342
1.00883
-0.0496931
0.264606
-0.068972
0.955114
1.03306
0.765383
0.00355257
0.0941831
-0.0108977
1.03184
0.0500011
1.01279
1.055
0.820989
0.083919
0.0102269
-0.0354244
0.902262
0.862693
0.187251
1.02199
0.997486
0.0370288
0.181064
1.00201
0.00529317
-0.186648
0.999665
0.00114838
1.02143
0.050815
0.466683
0.637761
1.0101
-0.00449246
0.0135075
0.0209085
0.985364
0.97059
0.375687
-0.0197494
0.94835
0.839966
1.01672
0.00100761
0.0126043
1.02588
0.00432316
-0.0576316
0.199568
0.34059
0.0357251
0.930852
0.0694262
-0.00758935
1.00947
0.931694
0.996308
0.100609
0.96393
0.0422906
0.0420187
-0.0377235
0.990442
1.03107
0.00966656
0.933832
1.02631
0.946403
0.0903044
-0.0471983
1.00959
-0.0142317
1.06836
-0.0170538
-0.0233972
1.26976
0.572703
0.0105735
-0.138146
-0.00355718
0.911736
0.775989
0.734615
0.0168752
0.995303
0.731082
0.993393
0.00060229
0.748366
1.03254
0.539441
0.29799
0.437691
1.12865
-0.0545703
0.256862
-0.0149841
-0.135495
0.00613286
-0.0167837
0.00426268
0.962868
0.531607
0.0184376
-0.00834522
0.906144
0.413857
0.941166
1.00976
0.692145
1.01576
0.00276301
-0.00905107
0.0092196
-0.00538502
1.00911
0.994958
1.15161
0.962186
0.933266
-0.00877903
1.09469
0.443063
0.579939
0.0823307
-0.0188403
0.187223
0.0203961
-0.0180932
0.0391705
-0.0750159
1.03279
0.0495864
1.12952
1.01731
0.960708
-0.0982342
-0.00946139
0.742799
0.0835952
0.992982
0.096877
1.00019
0.106729
1.04126
0.0643444
1.0165
0.390682
1.07063
0.154193
-0.134033
0.956091
1.0209
0.00991934
0.994068
0.945592
1.00128
0.00225652
1.08324
-0.0316406
0.979974
0.957667
-0.00182671
0.96748
1.11436
0.97295
-0.0150872
0.328551
0.917868
0.0701717
1.02298
-0.00346001
0.0244481
-0.0276743
0.990882
0.593869
1.00541
0.999967
0.599076
0.11669
0.986443
0.0211723
0.215295
0.553391
0.984635
0.982923
0.227922
0.0267899
1.23332
0.0183905
0.874482
0.00587335
-0.0483217
0.951833
1.03076
-0.00467524
-0.00118738
