0.953292
0.96847
0.97564
0.977876
0.979084
0.98204
0.983892
0.984846
0.984476
0.984714
0.985184
0.984726
0.984616
0.985956
0.9874
0.987684
0.987466
0.986676
0.986982
0.987166
0.988094
0.988348
0.98863
0.989164
0.989192
0.98936
0.989834
0.989886
0.990102
0.99059
0.991034
0.991066
0.991212
0.99114
0.99114
0.99141
0.991414
0.991286
0.99155
0.990316
0.99023
0.99035
0.990394
0.990446
0.990424
0.990508
0.99052
0.99052
0.990836
0.99088
0.990776
0.99082
0.990888
0.99086
0.990864
0.990868
0.990896
0.99086
0.990948
0.99088
0.990912
0.990952
0.990896
0.990912
0.990932
0.990988
0.991008
0.99102
0.991024
0.991024
0.990996
0.991052
0.99108
0.991072
0.991076
0.991036
0.99102
0.991008
0.991012
0.991012
0.990964
0.990964
0.990936
0.990936
0.990304
0.990364
0.990416
0.990428
0.990424
0.990376
0.990428
0.990416
0.990432
0.990432
0.99044
0.990404
0.990416
0.990468
0.990468
0.990476
0.99048
0.990464
0.990456
0.9905
0.9905
0.990508
0.990508
0.990432
0.99042
0.990424
0.990444
0.990424
0.990404
0.99092
0.990872
0.99084
0.99084
0.990844
0.990852
0.990876
0.990904
0.990888
0.990904
0.990908
0.99094
0.990928
0.990964
0.990896
0.990844
0.990832
0.990828
0.990852
0.990876
0.990872
0.99096
0.991
0.991008
0.991012
0.99104
0.991056
0.991048
0.99104
0.991012
0.990996
0.99106
0.991084
0.991088
0.99104
0.991024
0.99104
0.991104
0.991064
0.991028
0.991028
0.991004
0.991016
0.991004
0.991016
0.991008
0.990992
0.990988
0.990936
0.990952
0.990948
0.990924
0.990952
0.990944
0.990976
0.99096
0.990972
0.990928
0.990972
0.99098
0.991032
0.990964
0.990956
0.990888
0.990844
0.990808
0.990784
0.990788
0.990804
0.99078
0.99078
0.990912
0.99094
0.99094
0.990948
0.990932
0.990924
0.990912
0.990892
0.9909
0.9909
0.99092
0.990932
0.99094
0.990924
0.990924
0.990988
