64717405
99081568
132856484
163452451
195849523
230392313
263587442
301220811
332293947
365488920
397094149
432620012
465401552
499736149
530449812
565329668
596234955
624703402
655215726
689758427
727723199
759581899
789333554
823252816
851089072
894941240
924787773
951394235
978151439
1011557402
1042189907
1066297742
1103657546
1133912115
1172392249
1188545417
1217635348
1246024933
1273278562
1290506789
1306288095
1321952275
1336994407
1354006225
1365074976
1378768018
1390062814
1405831739
1421964544
1438074286
1452538945
1467981193
1479603176
1494381832
1506309875
1521427677
1536290045
1546403574
1560274939
1571697719
1581713887
1593022228
1603658180
1613447374
1629531554
1644828468
1656217587
1669091038
1682521344
1694581200
1706083144
1718482188
1733345346
1747952301
1764878085
1776491758
1791482590
1808791795
1821120720
1833315319
1845912628
1862480584
1875578159
1888085085
1899927614
1912363284
1924727735
1936085432
1946982028
1957423893
1969128270
1983953993
1994974992
2012234542
2025452794
2039485553
2051147263
2065873748
2077459407
2089798305
2103120704
2116537429
2130291222
2141300921
2152631351
2164267067
2174561378
2185381398
2197042812
2209121970
2218595850
2229430900
2238860133
2248914217
2259829242
2270296321
2286132136
2297567553
2315819249
2331170103
2343768983
2355749696
2367424472
2384814876
2396727460
2408349501
2421678532
2432312352
2444463235
2457614392
2467850355
2481799388
2495121071
2512013511
2525045208
2535677210
2548768645
2559723616
2572528924
2584486014
2594952484
2607421482
2620759780
2632823247
2644994748
2659852706
2673342071
2691541152
2702897015
2714792334
2726274873
2739521544
2750434435
2763907907
2777577709
2791747903
2805257957
2817301065
2830444183
2842830164
2854052436
2871075861
2884964869
2895313129
2907325601
2918294728
2930337722
2942387479
2955433276
2969634929
2983516880
2995114277
3007126116
3020775186
3036021515
3050860352
3065193996
3081863499
3096134183
3108477987
3120809531
3142011003
3153280597
3164526876
3177820746
3195340257
3206020823
3216630920
3229245179
3243561971
3266626346
3281992224
3292545125
3307538102
3320894246
3332402372
3347455296
3359554038
3372240868
3392862774
