0.941632
0.95604
0.972612
0.977936
0.980618
0.983248
0.98385
0.986028
0.986896
0.98757
0.987552
0.989146
0.98927
0.98936
0.989316
0.990118
0.990314
0.99042
0.990636
0.990804
0.991004
0.991296
0.99246
0.992526
0.992658
0.992618
0.992876
0.992996
0.992868
0.992944
0.993044
0.992984
0.992896
0.992928
0.992952
0.992956
0.993052
0.993092
0.99314
0.993128
0.993136
0.993056
0.992992
0.993016
0.993
0.99304
0.993024
0.993036
0.993048
0.99302
0.993036
0.993032
0.993052
0.993008
0.993004
0.993064
0.993036
0.99306
0.993104
0.99308
0.993092
0.9931
0.993116
0.993084
0.993112
0.99314
0.993132
0.993136
0.993136
0.993132
0.993116
0.993136
0.993124
0.993148
0.993144
0.993192
0.993192
0.993192
0.993192
0.993168
0.993176
0.993168
0.993184
0.9931
0.993104
0.993088
0.993096
0.993068
0.993048
0.993016
0.993028
0.993048
0.993024
0.993072
0.99308
0.993108
0.993112
0.993124
0.993168
0.99314
0.993136
0.993116
0.993088
0.993084
0.99306
0.993068
0.993072
0.993084
0.993072
0.993116
0.993068
0.993044
0.99306
0.993072
0.99312
0.99312
0.993156
0.993148
0.99316
0.993136
0.993132
0.9931
0.993072
0.993088
0.993104
0.993132
0.993132
0.993104
0.993028
0.993064
0.993068
0.993088
0.993128
0.993124
0.993112
0.993104
0.99312
0.9931
0.993112
0.993116
0.993004
0.993
0.993004
0.992992
0.993012
0.993008
0.99296
0.992972
0.992948
0.99298
0.992988
0.992996
0.992968
0.992972
0.992972
0.992992
0.992992
0.993004
0.992992
0.992996
0.992992
0.992976
0.992976
0.99296
0.992964
0.992956
0.992928
0.992916
0.992912
0.992896
0.992884
0.992884
0.992872
0.992888
0.992888
0.99286
0.992868
0.992848
0.99286
0.992872
0.992864
0.992848
0.99284
0.992872
0.99286
0.992868
0.992844
0.992832
0.992848
0.992836
0.992828
0.992824
0.992836
0.992844
0.99286
0.99286
0.992868
0.99288
0.992884
0.992872
