1499.81
1296.49
1118.78
966.911
844.503
745.235
657.359
581.536
518.587
452.915
414.801
367.591
335.498
317.587
290.897
262.2
245.318
228.394
207.472
198.339
183.385
174.523
160.828
152.444
142.851
136.008
152.591
127.668
123.149
119.633
118.15
111.412
111.963
105.948
101.657
104.079
101.941
91.0234
86.3339
93.007
88.851
90.6673
86.2806
89.5623
88.3247
84.9115
83.7758
85.3977
73.4429
68.2149
78.6478
78.1275
79.5293
73.0032
71.4287
71.2479
68.1359
76.663
66.5575
71.9888
67.521
60.3413
72.8606
64.9195
66.8441
61.1663
65.6389
66.6771
64.5786
61.913
66.3939
61.4304
64.6866
62.5597
64.5967
62.2536
58.7024
57.5345
57.1205
57.6771
59.8032
59.365
63.5959
52.1564
53.8768
55.3496
54.0463
55.2733
53.1345
54.0286
48.6834
51.1906
46.2329
50.8955
47.1942
47.9289
49.8166
48.7221
53.3444
45.5023
44.1323
48.8363
43.7374
53.9451
45.5633
45.4754
43.9054
43.9475
47.5294
44.5689
45.9298
45.544
39.5232
42.8532
42.9272
41.7753
43.3386
42.4553
40.2985
37.4247
38.5437
42.5464
40.6633
41.0745
38.3024
36.6282
36.7741
35.8515
38.7834
37.6758
38.3572
34.0533
36.0662
36.4935
35.9644
33.9817
35.7113
33.8567
31.0268
34.1474
34.1122
33.0046
33.5814
34.4103
32.2886
31.8719
30.8857
32.8765
32.289
34.9211
32.1553
31.5792
31.9063
29.1016
31.0929
28.6991
29.5777
28.9245
30.5651
29.6462
29.9314
28.255
29.3454
25.9598
29.042
29.8362
27.6013
28.3471
29.1221
26.1802
27.8539
24.623
26.8259
27.8135
24.0764
26.6766
23.7725
25.6067
24.2631
23.0593
25.0349
23.5078
24.9972
24.4209
24.2673
23.2537
23.7917
21.7993
22.5714
22.2078
23.627
21.8219
21.5328
21.9503
22.9407
22.0288
21.2871
22.5911
22.0686
21.075
