62780767
70278193
77361298
84246688
90775960
97559542
104179848
110856679
118238968
125296905
131904282
139130306
146141297
152983929
159337138
166279325
173020634
179414047
186042190
193192069
200905481
208910711
216715521
224727417
232252042
238748479
245174574
251761969
258361254
264665355
271058725
278026334
285482763
293085751
299905532
306280988
312750048
319269854
325648111
332928081
339754030
346709908
354171976
361582038
368723663
375648479
382254690
388773849
395539248
402224455
408416730
415635831
422504286
429232376
436808760
443255361
450814701
457558466
464855342
472594921
479761451
487508730
494884525
502771091
510407857
517091513
524730878
531648299
539304362
546618377
554114915
561149777
567824831
574829877
581672686
589107645
596853643
603895750
611063358
617977109
626069537
633598032
640349066
647530141
654996006
662934249
669529294
676558509
683388576
690350196
697912377
704967253
711798046
719233415
725695951
732805593
739243761
745883269
752996363
760885944
768194439
775283674
782516503
790284912
796988943
804927025
811847209
819577816
826565526
833066448
840478415
848225566
855752456
863272817
870444687
877438908
884560041
891652788
898454974
905724303
913136918
920673400
928103627
934901499
941254881
947609107
954486832
962469466
970154464
977301501
984622213
992030128
999869375
1007787403
1015843944
1023531283
1031274776
1038770532
1045764616
1052791548
1059324577
1065527997
1072120479
1078881679
1086340195
1093227698
1100397069
1107964066
1115381682
1122664779
1129247611
1135645426
1142391135
1149569245
1157350569
1164920200
1172713730
1180609621
1187565182
1194888036
1202406082
1209219396
1216516225
1224051469
1230901886
1238361894
1245631514
1252920561
1260528688
1267648595
1275347336
1282376023
1289105642
1296521872
1304144283
1311657847
1318976669
1325936656
1333163197
1340911515
1348478088
1356251038
1363305571
1371212259
1378670354
1386301054
1393522351
1401409338
1409207245
1416995710
1426021455
1433333607
1440216899
1448025352
1456957510
1464170447
1472621101
1479578894
1486407669
1494013270
