0.949152
0.962482
0.966014
0.965946
0.968254
0.969398
0.970472
0.971984
0.97401
0.97453
0.976492
0.97786
0.978678
0.979116
0.97993
0.98019
0.981026
0.981718
0.982028
0.98238
0.982598
0.98211
0.98209
0.982326
0.983546
0.983702
0.98414
0.984724
0.985084
0.98544
0.985644
0.985892
0.985924
0.986048
0.986278
0.98669
0.986734
0.986762
0.98677
0.986918
0.986904
0.986904
0.98702
0.98686
0.98704
0.987036
0.987168
0.987292
0.987388
0.987788
0.987788
0.987956
0.988332
0.988408
0.988292
0.988392
0.988336
0.988524
0.988564
0.988604
0.988556
0.988608
0.9888
0.9888
0.98886
0.98876
0.98874
0.9888
0.988868
0.988836
0.988656
0.988504
0.988568
0.98868
0.988588
0.988276
0.987716
0.987632
0.987552
0.9875
0.987524
0.987588
0.987688
0.987692
0.987456
0.987744
0.987656
0.98772
0.987756
0.9877
0.987712
0.987704
0.987764
0.987684
0.98766
0.987628
0.98762
0.987448
0.987524
0.987548
0.98752
0.9873
0.987272
0.987428
0.987492
0.987488
0.987488
0.987408
0.987424
0.98728
0.987332
0.987332
0.987288
0.987324
0.987316
0.987404
0.987444
0.987508
0.987536
0.987548
0.987588
0.98754
0.987588
0.987572
0.987624
0.987692
0.987728
0.987784
0.987232
0.987184
0.987216
0.987184
0.987192
0.987204
0.987652
0.987492
0.987612
0.987592
0.987468
0.987448
0.98744
0.987468
0.987524
0.987588
0.987636
0.98764
0.987616
0.987532
0.987508
0.98752
0.987408
0.987436
0.987452
0.987488
0.987496
0.987472
0.987448
0.987436
0.987476
0.987328
0.987332
0.98734
0.987304
0.987264
0.987336
0.987336
0.987624
0.987692
0.987748
0.987732
0.987732
0.987684
0.987712
0.98772
0.987748
0.9877
0.9877
0.98768
0.987628
0.9876
0.987592
0.987544
0.98752
0.987536
0.987564
0.987608
0.987628
0.987528
0.987484
0.987472
0.987448
0.987472
0.987464
0.987344
0.987448
0.987448
0.98742
0.987436
0.987472
0.987484
