58529439
65034994
71644625
77958391
84239985
90974394
97719822
104027094
110520862
117152352
124115571
130960040
138128089
145457283
152192087
158551030
165042545
171900835
178667187
185325883
191702422
197998203
204721609
211125243
217717841
224512107
231401252
238521986
245265415
251821972
258147298
264799013
272009919
278576763
285176064
292305263
299175967
305546803
311843523
318634445
325791476
333018969
339542479
346399066
354105446
360918684
367105131
373258066
380138978
387210965
394060741
401280173
408402628
414886944
421909605
428356151
435287107
441719167
448685522
455647611
462185216
468834235
475551814
482499348
488863951
495666745
501693961
508673629
515774834
522913317
529436871
536212521
543677649
550501650
557969479
565785844
572881498
579892582
587907900
595323358
602307842
609888737
616963732
624678627
632459622
640284610
648140388
655793541
662995458
670470797
677843592
685200558
692743529
700303526
708773580
716577122
724107748
730882841
738124235
745586834
752700666
759542751
767121582
775018103
781639661
788772877
796033861
802999539
809524165
816241283
823788852
830904453
837831376
844739695
852387800
859784940
866345014
873202461
879801839
887382614
895617691
902720174
909532471
916717442
924142297
931181027
938193289
944594674
951692123
958701189
965968537
972220785
978673739
986116859
993679553
1000440412
1007030891
1014082707
1021063179
1027955686
1034854270
1042081521
1048389115
1054981697
1061922935
1068826708
1075778398
1082601874
1089203958
1096122108
1102961452
1110019564
1116738900
1124002269
1131087792
1138199584
1145640577
1153066733
1161169037
1169024108
1176562857
1184160225
1191717754
1199247079
1207142228
1214340577
1222063481
1229537475
1237410593
1244491499
1252785400
1259540912
1266622636
1274192995
1281726027
1289241061
1296376965
1304281614
1312306777
1319796327
1327877867
1336051921
1343185375
1350264725
1357924429
1364629123
1370935597
1377122234
1384197229
1391258032
1398236360
1404948181
1412376630
1419366444
1427495501
1435513107
1443956022
1451926013
1459560074
1466246327
