1499.81
1264.66
1070.63
912.12
786.766
678.726
596.702
518.147
451.275
414.292
365.136
331.347
291.686
280.378
264.362
233.733
221.552
207.849
186.012
179.43
176.258
158.124
147.709
133.676
136.893
133.018
152.589
121.467
113.934
119.565
116.417
114.155
117.597
103.745
107.854
103.869
98.275
93.0334
91.1737
91.5108
90.9356
82.5761
91.428
98.2961
92.8284
92.3903
83.3883
84.4194
77.248
75.2851
83.4533
82.6599
76.5617
73.4361
78.2632
74.9544
72.9054
77.0557
75.9428
73.2833
72.6423
62.5083
72.8925
67.2175
68.2847
64.9059
66.7841
67.2086
65.2276
65.7903
66.6588
62.8207
60.1112
64.2048
67.9337
64.8589
58.242
56.2555
57.4767
55.2262
57.5547
60.4169
60.5443
46.8831
57.4197
54.4907
54.5553
52.3833
53.6575
54.9341
48.3462
53.4534
48.7013
53.1655
49.8769
51.955
52.6631
47.8659
55.0626
46.859
46.1086
44.7424
46.4819
51.5876
50.3781
48.1079
42.1875
44.388
44.4554
49.3471
43.2546
44.2448
45.0484
46.0794
44.9253
44.5802
43.9194
45.2408
42.0207
38.3778
39.5812
43.1463
39.9529
43.3429
41.3784
36.326
36.2183
35.5384
39.8022
40.2226
39.0657
33.8002
34.62
36.3657
35.842
36.3843
36.2609
35.9388
31.0639
32.8958
37.2946
37.0997
35.7164
36.5567
30.6202
33.814
33.8132
32.7731
34.9857
34.2203
32.2051
31.3167
32.6265
31.8765
32.3713
33.2614
32.3925
28.8213
31.5011
29.5668
31.2185
31.2477
29.472
27.9429
30.3834
32.562
29.0126
32.5615
31.3725
27.2232
30.0492
24.2408
31.0272
29.2263
26.8664
27.7825
26.463
27.5878
24.4328
24.7989
26.674
25.7144
26.2726
27.5335
25.2644
23.8471
24.6191
24.9872
23.6044
26.5001
24.9756
23.8252
23.5049
22.4248
23.0728
23.477
22.829
23.6328
22.4591
23.0435
