1499.81
1296.75
1118.15
967.58
846.137
742.394
656.891
574.878
514.17
456.764
420.471
376.442
346.636
328.825
305.478
282.411
263.035
250.225
223.984
207.618
202.836
197.387
179.024
178.749
162.849
160.388
170.878
145.088
150.183
138.325
138.998
134.836
140.148
126.619
127.686
127.144
121.779
107.477
110.589
117.473
109.47
112.189
105.968
111.071
111.267
107.496
101.713
109.771
89.6071
88.5975
96.8352
95.8991
99.6063
89.585
88.7569
89.9299
84.7932
92.8835
85.451
85.0067
81.4781
78.4448
85.5352
80.2556
79.8404
72.4448
81.906
79.9269
75.2405
74.4518
79.7943
73.494
74.2789
74.2288
78.4705
76.4766
68.7721
69.1998
72.1536
67.7181
68.9191
68.2819
74.165
61.8937
65.0339
65.5163
63.4201
62.3187
63.4847
64.629
57.6097
60.3649
56.7704
60.5394
55.813
58.1614
58.2618
53.875
60.7845
54.2948
52.4217
53.0983
51.3417
59.113
53.0769
50.9691
51.5082
50.8617
53.4517
52.8757
51.0688
51.2791
46.0982
48.84
48.246
50.1185
49.589
47.0595
46.3854
41.5821
42.9817
46.2474
43.1929
45.4248
44.5864
41.8694
43.5264
40.2024
42.1782
42.2127
43.1475
39.7776
43.455
41.4126
40.774
38.3636
40.1659
39.0346
38.7038
38.6768
39.0629
37.8069
37.4014
38.2149
35.1249
36.673
37.6466
37.5291
36.7771
38.4262
37.6877
36.5019
36.0195
33.8794
36.368
34.5229
33.2573
33.4254
34.9428
35.4977
35.8473
34.0018
33.8205
31.2778
33.6024
33.5199
32.5109
32.0855
34.6212
31.1212
32.31
28.8434
30.9156
31.6035
28.6736
31.3467
28.9371
28.863
28.8768
27.6777
30.1684
29.5658
30.164
29.8021
29.3761
27.7144
29.2736
25.8758
27.7789
25.2492
29.025
25.6282
26.9387
26.2766
26.5648
27.6488
26.0117
25.7406
24.7433
24.8729
