0.491098
0.985734
0.132532
0.916888
0.973314
-0.013795
0.000320543
0.143065
-0.0712789
0.0366664
1.01292
0.958555
0.056893
1.0198
0.102348
0.980003
0.987206
0.90888
0.990021
1.00822
-0.091089
0.998364
0.962491
0.99515
1.01067
0.151502
1.01149
1.00166
0.257086
0.204533
1.36089
0.816686
0.113051
1.09484
0.967603
1.01914
0.200899
0.997625
0.138261
-0.0137173
0.955842
-0.0361452
0.977893
1.01064
-0.035416
-0.0355776
0.973317
0.0764541
1.0654
0.0176169
-0.0414688
-0.0252266
-0.00869862
0.026614
1.03446
1.06436
0.0716208
0.0573179
0.507636
1.01397
0.986601
-0.0253923
-0.0294237
0.988366
0.166719
0.0339526
0.99652
1.1203
0.989144
1.06889
-0.2618
0.0663883
-0.0178192
0.994919
0.599148
0.978256
-0.0973637
0.215133
1.00511
0.996202
0.0741788
1.02459
0.806313
0.988819
0.291588
1.07817
-0.193623
0.990363
0.019695
0.859469
1.01008
0.807031
-0.0261618
0.0598264
0.980339
-0.067432
0.993783
0.0754821
0.483868
1.00279
0.0854703
-0.142223
0.39002
0.977654
0.979435
1.17186
-0.0033488
1.11297
1.05723
0.00897877
0.49183
-0.106938
0.961883
-0.000394027
1.18922
1.00403
0.0156571
0.00276955
0.0103376
1.02003
-0.0327202
1.00709
0.206042
0.942592
-0.0359348
-0.0427484
1.0229
0.002639
0.00186305
0.0385523
0.150685
0.0817082
-0.00849603
0.99756
0.0347315
0.987777
1.00768
1.0134
-0.00557221
1.00981
0.995492
1.02284
0.0313705
0.934737
0.924893
0.862029
0.188003
1.01436
0.794445
-0.0168154
0.963215
-0.00395883
0.980637
0.992845
0.982666
0.00982761
0.990159
-0.0870339
0.96399
0.128428
0.989404
-0.00384803
1.02907
0.120863
0.371531
-0.0627093
-0.0552066
-0.0156601
1.01353
1.01494
0.972801
0.640617
-0.055788
-0.0558658
0.856629
0.968556
0.977621
1.08946
0.991656
-0.00462112
-0.0238114
1.00002
0.224345
0.0575105
0.0486222
0.947983
0.914698
0.942454
0.981555
0.258791
1.01421
0.587384
1.00912
-0.00759124
0.932814
-0.0256839
-0.0395111
-0.0214998
1.00038
1.01174
1.04905
1.00616
0.00182237
0.987117
-0.0320513
-0.261306
0.984623
-0.0780808
1.06527
0.336443
1.23769
0.0122487
0.99018
0.994432
-0.111064
0.116742
0.590747
-0.0416825
1.01441
0.0975477
1.1193
0.880547
-0.0939765
0.97524
0.0210996
0.112229
0.968688
0.902327
-0.0797039
0.783353
0.0169168
0.0616357
1.00851
0.0644596
0.0516015
-0.0738799
0.0741149
0.972421
-0.0875808
0.793105
0.943257
0.186292
0.0133412
0.000543287
-0.0210216
0.455265
1.08126
0.515004
1.0274
0.999403
0.976427
0.9662
1.0128
-0.123762
1.00095
0.0141427
0.965752
0.925848
0.196007
0.982844
0.992567
0.00454025
-0.103164
0.644479
-0.0551934
1.00567
0.23807
0.968447
0.732287
0.511368
-0.00931723
-0.0114717
0.646874
0.569769
-0.0884563
-0.0141403
-0.130381
1.08138
1.02174
1.02293
0.998644
0.968938
-0.00456966
0.990898
-0.0988462
-0.198912
-9.75693e-05
1.01156
-0.0304581
1.01927
-0.0064101
0.024715
0.164747
1.00406
-0.0389353
0.992018
0.951315
0.743889
0.9991
0.285565
1.02042
1.00885
-0.0256207
-0.0669501
-0.00127278
-0.128981
-0.0387478
1.01032
0.535781
0.809408
1.0081
1.02446
0.0414226
-0.0326694
0.924957
0.99811
-0.0566321
-0.0814883
0.996765
0.0109286
-0.0355094
-0.100335
1.00973
0.166054
1.01681
0.0350192
1.10924
1.0119
-0.0460589
-0.0227689
0.911015
-0.00958159
0.00330199
0.534554
-0.000858633
1.06145
1.007
0.321726
0.988764
1.00384
0.854288
1.05138
0.740094
0.293332
-0.0423298
0.499562
1.0208
1.01848
1.06485
0.0163611
0.961559
0.0608818
0.983032
0.0330774
-0.0417211
0.168044
0.933684
1.07625
0.961808
0.222719
1.09095
1.0491
1.0316
0.368
1.00144
-0.0604072
0.0748307
1.00049
-0.0295087
1.0092
-0.0780946
0.00523001
0.997038
0.171455
0.00520118
0.100409
-0.0595798
1.01074
1.01313
-0.0467317
0.637259
0.990208
0.991128
0.155047
0.507275
-0.0379649
0.000869009
0.176962
0.962392
0.67959
0.246207
0.992735
0.978108
0.0900707
0.103756
0.106817
0.992224
-0.0284391
0.454949
1.00014
0.956668
1.02911
-0.0153274
1.01723
0.957903
0.298043
-0.0175842
0.203355
-0.0638865
0.431576
-0.132657
0.976782
-0.0209609
-0.0181408
0.742895
1.00856
0.125753
0.143384
-0.0541924
-0.00110229
0.977369
0.985166
0.997088
0.00970589
0.981437
-0.0532378
1.00183
0.873237
0.00370511
-0.0770998
0.132232
-0.0995783
0.0144878
0.878327
0.211893
0.952858
1.05458
1.00479
0.984703
1.00327
0.00375654
0.25527
0.0485439
1.02526
1.01596
0.989006
0.405627
-0.0298887
-0.00916325
0.0352032
0.0521835
1.00176
0.0730453
0.987641
0.134341
0.970835
0.158784
-0.0147473
1.0127
0.0627984
-0.0304595
1.14399
0.795794
-0.060764
0.968078
0.61673
0.775671
0.28702
1.0608
0.0334747
0.947276
-0.0142434
0.0706584
1.0694
1.06893
1.00096
1.01619
0.0694574
-0.00514907
1.04594
0.977118
0.908483
-0.282314
-0.0322607
0.999904
0.986337
0.355089
0.91192
0.978134
0.10429
0.0335165
1.03011
0.982539
-0.028453
-0.0626772
1.00363
0.949624
0.983395
0.99325
-0.250439
0.643099
1.02614
-0.0135164
-0.0270636
0.301581
0.0384183
0.0632488
0.944864
0.653926
0.961622
0.0773478
1.0267
0.981795
0.218985
-0.00609639
0.00809619
0.0405601
-0.0776522
0.0410793
0.0563482
0.122076
0.0376218
0.962928
0.925929
0.717817
0.0428874
0.0219515
1.01394
0.392569
1.00653
0.0795988
0.0399375
0.956859
0.0143585
0.953782
0.985283
0.0556547
0.939019
0.104846
1.0384
0.0130265
1.18371
-0.018962
-0.0189784
0.0736589
-0.102543
1.00319
1.02236
1.016
0.893607
1.01879
-0.0417653
-0.0467257
0.170004
1.02132
-0.0111087
1.00241
0.564881
-0.0125166
1.01303
0.989441
0.996573
1.01056
-0.0316372
0.00500723
1.04296
0.0108006
-0.0305532
-0.0281807
-0.0119564
1.28314
0.960607
-0.015895
0.91201
0.983176
0.110518
1.01699
0.894588
0.975149
0.00691549
-0.0048486
0.0279066
-0.0716318
0.636809
0.968372
0.0659713
0.0255896
-0.115914
1.01203
0.980045
1.00337
0.203903
0.139543
-0.0668769
-0.000972026
0.979115
0.0204588
0.82273
0.925653
-0.110927
0.290545
1.09213
0.246773
0.983822
-0.0057868
-0.0545087
0.0260758
-0.0653251
0.922457
1.00271
0.944416
1.01076
1.00546
-0.0406883
0.9959
-0.0117035
0.0647005
0.0960858
-0.0743077
0.888598
-0.0524389
0.526828
0.0011815
0.809148
1.0346
1.14553
1.00349
-0.0828783
0.00478958
-0.186653
-0.0174907
1.03019
1.02132
0.113539
1.0015
1.0025
-0.0183799
1.01508
1.03965
1.01146
-0.0484151
0.994566
0.379161
0.585914
0.47909
0.0286142
-0.195286
1.08055
0.0090091
1.01704
-0.0965035
0.0947607
-0.129274
0.944761
-0.0325936
0.0309881
0.0821589
0.319642
-0.0223242
1.08239
1.00758
0.994483
1.04965
-0.0109522
0.0189819
-0.0729464
1.01749
-0.0290882
-0.00419971
0.999262
-0.0169424
0.081743
1.0102
1.00187
0.107991
0.00349892
0.00600746
1.01588
-0.0209349
0.992936
0.0263694
0.833467
0.0827643
0.980141
1.1375
-0.0120498
1.01771
0.700677
0.959933
1.4663
0.991139
-0.0644071
0.982131
0.981978
0.179841
-0.00313607
-0.00964583
0.014914
1.00369
-0.0908458
0.981826
0.0103667
0.044319
0.992648
-0.0744813
0.275476
0.53023
1.01413
0.0804203
0.101855
0.956052
0.998666
0.119472
-0.0308249
0.899451
0.213744
-0.043191
0.0117264
0.0859223
1.00947
0.988339
1.00203
1.01484
1.02113
0.986725
1.11118
0.0894397
0.122442
0.995698
0.0731262
1.02205
0.997067
1.01889
0.723316
-0.0449983
-0.115085
0.285566
1.01659
1.0033
0.96834
0.00644215
-0.0517339
0.0454836
0.0477835
1.02821
-0.0248069
1.09869
0.0713992
1.03946
0.0264841
-0.00336182
0.976144
-0.00603906
1.0136
-0.00852967
0.901919
1.08482
-0.0307518
1.08993
0.992776
0.846618
0.445597
0.977069
0.0692374
0.990516
1.06697
0.0154418
0.983613
0.00376214
1.05675
0.00375179
-0.0165977
0.901985
1.01584
0.202438
0.951672
-0.0117694
0.651027
0.990414
0.0467759
-0.0112987
0.265195
-0.00166316
-0.0449309
0.153444
0.382881
-0.0615159
-0.0280056
0.00711852
-0.0451369
0.014688
0.0340686
1.01061
-0.0486639
0.956886
0.3344
0.9768
0.970154
-0.0586439
1.02286
0.0949652
0.992925
0.0926226
0.100098
-0.0448657
0.76743
1.02537
0.296796
0.062613
0.0426756
-0.168872
1.00244
0.0242181
0.877988
1.26267
1.01285
0.0681864
-0.0298172
0.0303728
1.02077
0.896124
0.974303
0.964457
0.973088
0.400198
-0.0425033
0.976928
-0.0159969
0.0682825
0.967203
-0.0522977
0.983844
-0.0431483
0.180144
1.04256
1.00271
-0.0637074
0.0412563
0.0230847
0.984168
1.02643
0.334247
-0.0447203
0.95309
0.767178
0.989759
-0.0114196
0.0129786
0.708951
-0.0251589
-0.0614559
-0.000785246
0.467584
-0.0593724
1.05058
-0.0181014
-0.000690154
0.921841
0.981149
0.990748
0.0530078
0.977441
0.0141461
-0.0801979
0.0176062
1.05505
0.951705
-0.023258
0.987062
0.99692
0.922972
-0.000106847
0.0542522
0.989657
-0.0121957
1.10043
0.109903
-0.0250052
1.01967
0.535313
-0.23052
-0.0537318
0.143649
0.870718
0.86195
0.44395
-0.0292727
0.987117
0.835602
1.00238
0.0242988
0.809355
0.99004
0.97191
0.000157146
0.545345
0.962604
-0.108209
0.046384
0.0247926
-0.118493
0.000805732
0.00717977
0.248388
0.979896
0.754146
0.0253469
0.163204
0.844172
0.125327
0.958552
0.985237
0.0617495
1.01046
-0.0285969
-0.00938258
0.11436
0.00841808
1.00645
0.997584
0.878908
0.959775
1.03995
0.0368518
1.00178
0.794398
0.84392
-0.103681
-0.0890097
-0.00572949
-0.207973
-0.131298
0.0129683
-0.0350111
1.1059
0.108386
1.07532
1.02839
1.06099
0.000435826
-0.00376914
0.952711
0.365192
1.02427
-0.0408785
0.943653
-0.0120669
1.04944
-0.0881092
1.01541
1.14967
0.529706
0.331906
-0.00665569
0.971114
0.995256
0.0436541
0.955932
1.01177
0.950694
-0.0823524
1.03131
-0.0665329
0.934361
1.00527
-0.00927635
0.976688
1.06128
1.02403
-0.00853473
0.422187
1.03263
0.0250792
0.999375
-0.00112528
-0.0198855
-0.0131271
0.943392
0.815855
0.994964
0.97495
0.127571
-0.0878047
0.997457
0.109675
0.00616909
1.01495
0.974569
1.00661
0.123765
0.0929476
1.0101
0.049956
1.01442
0.12386
0.0710018
0.953219
1.003
-0.070021
0.00176799
