58520731
64921513
71388167
78026150
84308867
90935794
97755199
104498625
111195599
117863835
124633021
131324260
137886585
144461948
150988754
156995356
163119257
169746652
176121821
183218490
189599909
195807828
202021485
208035202
213986388
220519649
227194495
233567748
240308165
246990389
253575800
259962788
265998462
272287345
278702414
285175554
291745545
298645315
305650630
311849123
319231590
326144689
332769795
339415156
346316617
352958098
359519461
366031399
372200810
378281466
384308220
391225004
398388942
405470814
412117322
419767479
426546864
433766360
440793324
448484308
455322062
462440711
470453626
478098023
484935352
492328707
499228414
506598374
513698289
521266857
528418315
536054397
543482356
550651896
557233915
564662587
571737379
579865561
586676076
593383295
600237143
607000104
614357618
621403163
629362442
636790451
644124649
650985149
658996556
667628115
675266983
683493990
691189024
698944839
706223456
712963501
720595942
728498163
736171667
743462385
750774314
757874955
765501511
772536993
780146047
787738109
794894635
802347058
809414848
815763370
822492855
828525262
834863113
841151401
847444782
853998409
860802835
867547707
874374295
881162386
888031995
894765704
901198257
907599700
914313691
921661890
929030061
936534271
944009514
951764868
960148109
968092166
975788770
982438386
990001170
997487358
1004177932
1010521310
1017383039
1025107311
1032712462
1040277369
1047192001
1054221551
1060922284
1067492831
1073483056
1080054991
1087188292
1094327425
1101269229
1107698297
1115154457
1122335909
1130143219
1136400960
1143489214
1150452193
1156919793
1164219612
1171291869
1178056688
1184669660
1191666559
1198090833
1204881976
1211793883
1218226863
1224878209
1232505694
1238828901
1245124629
1252449636
1258958580
1265762531
1272982018
1280429635
1287513978
1294290742
1301321071
1308492396
1315875570
1323123647
1330782123
1338283825
1345516479
1352973158
1360010976
1367378005
1374228734
1380751695
1387340636
1393496976
1400592781
1407447567
1413690335
1420457094
1428381382
1435725156
1443234901
