0.183503
1.1337
-0.0206772
0.990056
1.02852
-0.0268987
0.00325043
-0.00153616
-0.0310917
-0.0300936
0.982392
0.905943
0.145333
0.999185
0.0161588
0.800725
1.02035
0.984326
0.928462
0.956336
-0.00976625
0.994929
0.982452
0.986841
1.05211
0.00810729
1.00434
0.994767
0.135353
0.540129
1.22957
0.831335
-0.0143578
0.967982
0.965363
0.992122
0.0547682
0.976377
0.0702751
0.126701
1.05458
0.000295961
0.979781
1.00275
0.0446059
0.00245093
0.962842
-0.389038
0.904455
-0.0395639
-0.00696069
-0.0320141
-0.0184372
-0.0140766
1.00019
1.04463
-0.0270483
-0.0280247
0.321162
0.991037
1.01263
-0.01907
-0.0354994
0.96313
0.15525
0.0406044
1.01389
1.03141
1.03197
0.8319
-0.0641907
0.227065
-0.00564748
1.00538
0.770488
0.992395
0.0132719
0.0560822
1.0057
1.01238
0.0141286
0.998088
0.490014
1.00398
0.285537
1.06064
0.0238307
0.897318
0.417681
0.985858
0.714741
0.827847
0.0179294
0.00345821
0.992529
0.166857
0.990889
0.0071177
0.632844
0.995206
0.0495588
0.117057
0.523236
1.06946
1.01091
0.848536
-0.015027
1.00368
0.992498
-0.025288
0.69828
-0.0765392
0.949409
0.0389398
1.16235
0.92759
0.0392693
0.0162211
0.0333134
0.990854
-0.00925622
1.0025
0.0243221
0.947761
-0.0522183
0.0601259
0.994984
0.0391859
0.00771137
0.309313
0.126409
-0.015315
0.0536979
0.960479
-0.0218184
1.0128
1.04191
0.990148
-0.022345
0.991312
0.984926
0.774014
-0.00739857
1.0146
1.00919
0.911626
-0.00533898
0.964725
0.782919
-0.00672401
0.96152
0.0379067
0.845112
0.911036
0.994642
-0.0292773
1.02636
0.000153555
0.950235
-0.0321167
0.979977
-0.00178405
0.997019
0.336445
0.491874
0.0200348
0.0665246
-0.00675876
1.05153
1.02996
0.949472
0.96182
-0.0280254
0.0989878
1.08757
1.01186
1.02922
0.841762
1.04473
-0.000658977
0.00173463
1.04812
0.235825
0.0456898
0.00621236
0.922586
0.843469
1.67633
0.973229
-0.03059
1.00594
0.517894
1.01464
0.0113669
0.977303
0.163136
-0.025131
-0.0113354
0.996494
1.03178
0.945344
0.96335
0.0227245
0.990659
-0.00316577
-0.0927853
1.00448
-0.0270869
0.997355
0.0631465
0.915453
0.162864
0.963262
0.996146
-0.156943
0.0387733
0.776678
0.0591398
0.995818
-0.0427259
0.948965
0.85447
-0.0158799
0.998918
-0.00507844
-0.0111384
1.016
0.679409
0.163367
0.769171
0.00423743
-0.133981
1.02362
-0.0381843
0.0404033
-0.0197401
-0.0653641
0.967294
-0.135319
0.668628
0.752949
0.366104
-0.0125685
-0.0173982
0.144918
0.692469
0.977937
0.0645978
1.00756
1.03889
0.742007
1.01793
0.970124
0.0230402
0.996207
-0.000804455
0.979578
0.710711
0.116379
0.997498
1.01141
0.016072
0.00138585
0.961027
-0.0129909
0.894584
0.0314594
1.00132
1.01469
0.0418578
0.0669067
0.0102171
0.889367
0.196604
-0.0746189
0.00411965
-0.0269487
1.02901
1.01194
0.972511
0.978677
1.0203
-0.054099
0.954647
-0.0823389
-0.163093
-0.0514861
1.01179
4.461e-05
0.974723
-0.0282241
0.268123
0.347027
0.977113
-0.00167463
1.01307
0.84006
0.935399
0.991439
0.398268
1.04353
1.02704
-0.0682664
0.219841
0.0593178
0.195852
0.0718303
0.987964
0.344449
0.921394
0.984896
0.999857
0.0540944
-0.00920449
1.01807
0.986927
0.0437444
-0.0420078
0.971208
0.13079
-0.026599
-0.0396529
1.00437
0.13864
1.15846
0.000851365
0.940472
0.972418
-0.0287602
0.00744649
0.997721
-0.0550431
-0.0587581
0.654201
0.0695769
1.01355
0.911914
0.185774
0.98874
0.987623
0.975527
0.963527
0.778003
0.311003
-0.0179826
0.258387
1.00413
0.99976
1.08586
-0.0704229
0.986932
0.000308195
0.988566
0.016399
-0.00636597
0.136458
0.989637
0.904606
0.932767
0.610308
1.0125
1.03415
0.986473
0.188087
0.98376
0.00312476
0.0431628
1.02926
0.348204
0.935098
0.0540539
-0.0167827
0.939891
0.530617
0.0406675
-0.00948128
-0.0107437
1.01612
0.991606
0.0368443
0.82279
0.982019
1.00236
0.102463
0.278123
0.0135096
-0.0278524
0.36408
0.900035
0.425595
0.131506
0.982455
0.980456
0.0770876
0.0189003
0.0846712
0.991772
-0.0373282
0.512613
0.999176
0.995419
1.00158
-0.000280972
0.989643
0.964356
0.0966586
-0.0314896
0.169246
0.0823162
0.287017
-0.0168269
0.93754
0.0322364
-0.00526779
0.707321
1.07972
0.362985
0.030333
0.018842
-0.0063449
0.986381
1.06559
1.0055
0.280945
1.00556
0.0174804
0.99892
0.996048
0.0296976
0.0330456
0.384683
-0.0640376
0.00438467
1.03105
-0.045724
1.00165
0.997007
1.01547
0.990179
0.948468
-0.0731468
-0.173092
0.0167188
0.971668
0.97512
0.971619
0.883472
-0.027984
-0.0166427
0.0248758
0.00334992
0.944213
-0.0649958
1.07877
0.323633
0.918094
0.129551
-0.001203
1.00466
-0.00806772
0.0723492
0.997956
0.900407
0.0290274
0.975465
0.413226
0.996335
-7.24383e-05
0.997914
-0.0185726
0.809417
-0.00996207
0.0930222
0.983606
0.954645
1.0052
0.972742
0.0643355
0.00723098
0.926079
0.986252
0.849569
-0.076129
-0.00673088
1.00462
0.986497
0.245507
0.687022
1.00116
-0.0168971
0.00512186
0.952061
1.05112
0.0578089
-0.0929852
0.98992
0.869548
1.00743
0.988121
0.0780996
0.4666
0.997856
-0.0276445
-0.0673662
0.332336
0.0972029
-0.00613656
0.9678
0.335125
1.00866
0.0779102
0.999235
0.994078
0.0432855
-0.0202626
-0.00901568
0.033999
-0.0113326
-0.00986903
-0.0113399
0.0167764
0.00997887
0.964643
1.00731
0.50015
-0.00376404
-0.068333
0.988141
0.325361
0.999419
-0.0713514
-0.0188629
0.975423
0.0264665
0.985393
0.973162
-0.153158
0.978902
-0.010021
1.02996
0.134813
0.892887
-0.00614757
-0.0118287
-0.00351697
-0.233859
0.998015
1.01067
1.00868
0.871517
1.00827
0.0955969
0.00902048
0.092229
0.899078
-0.0276598
0.991324
0.620617
0.0143001
1.00775
1.01931
0.990728
0.989493
-0.00323586
-0.0383939
1.03282
0.00556748
0.0307018
-0.0499635
-0.0240546
0.792516
1.09033
-0.0483223
1.01151
1.01697
0.208156
1.01016
0.690343
0.970639
0.0138969
-0.0459141
-0.0615516
-0.0407414
0.425529
0.748904
-0.011099
0.00227314
0.0131055
0.985444
0.96008
0.987865
0.0637872
0.243449
-0.0276507
-0.0319232
0.985313
-0.0296578
0.500684
1.01206
-0.0265235
0.765512
1.02197
0.0313248
0.865125
0.00300435
0.103697
-0.0141758
-0.183554
1.05703
0.99469
0.924543
0.990865
1.01148
-0.00569386
1.01411
0.00733048
-0.0319386
-0.0110045
0.0222761
0.973297
-0.00493021
-0.0345865
0.0350201
0.5725
1.02957
1.00501
1.00016
-0.061944
0.0118341
-0.028665
0.269101
1.00026
0.988729
0.010511
0.99643
1.02549
-0.0875428
1.02786
0.978813
1.00275
0.0670977
0.997873
0.354761
0.877815
0.386314
-0.0112379
0.0342253
0.981639
0.0803293
1.08571
-0.0520432
0.0540089
-0.0308968
1.01359
0.016773
-0.0866474
0.0117392
0.0353932
0.0279835
0.975737
1.0722
1.09801
1.06591
-0.0142239
0.0508883
-0.0457474
1.00189
-0.0101356
0.00178837
0.998926
-0.0260857
0.095752
1.03858
0.992237
-0.00379493
-0.0743855
0.1463
0.973273
0.125052
0.861615
0.00484534
0.971585
-0.130788
1.01075
1.05221
-0.0277704
1.08828
0.506447
1.01655
0.932893
0.977507
-0.0388958
0.991917
0.991381
0.107803
-0.00412876
-0.0324158
0.0529187
1.00273
0.0370557
0.983755
-0.00589217
0.0596374
0.990738
-0.0183934
-0.00121574
0.990572
0.926592
0.157024
-0.0135695
0.934704
1.00504
0.110325
-0.0180936
0.90893
-0.00839019
0.074071
-0.0218162
-0.00499908
0.958902
0.98487
1.03135
0.994397
0.996679
1.02568
0.839788
0.121091
-0.0179865
0.988612
-0.0609982
1.00775
0.983324
0.932429
0.977685
-0.0302327
0.266196
0.28171
1.00552
1.00113
0.972246
0.00375449
0.0127095
-0.0499127
0.0771712
1.00692
0.0591729
1.01438
-0.0398349
1.09609
0.0097344
0.246927
0.969744
0.00444579
0.995366
0.00761361
0.960873
1.01134
-0.0237213
0.941921
0.973289
0.929052
0.311832
0.998725
0.0946115
0.987291
0.956626
0.172658
1.02746
-0.00610094
0.884067
-0.00439862
-0.0134451
0.755032
1.00934
0.230662
0.969382
-0.00845764
0.922225
0.956735
0.00022377
-0.033619
-0.00015174
0.503467
-0.013677
0.132023
0.659747
-0.0254568
0.327365
0.0432979
0.000637797
0.0310383
0.0686609
0.989271
0.0891723
0.988762
0.0946044
0.944729
0.940147
-0.00712532
1.01348
-0.0396213
0.821533
0.0333393
-0.0343201
-0.0457682
0.976592
0.999342
0.648946
0.0515706
0.020649
-0.0640553
1.00358
0.106066
1.04694
1.05483
0.996031
0.00822242
0.0247549
0.00196632
1.00889
1.09694
0.331531
1.00337
0.961316
0.0034174
0.205201
1.00157
0.0590798
-0.175394
0.979274
-0.0196605
1.00163
-0.0265863
0.221402
0.936058
0.984436
-0.0135311
0.0218852
-0.00573762
0.996165
1.07851
0.0213699
-0.0164066
0.985612
1.17909
0.981978
-0.0156496
-0.0377765
1.06541
-0.00616146
-0.202587
-0.00792788
0.463246
0.0208305
1.00405
0.00112848
0.0305554
1.0026
0.989907
0.98598
0.014055
1.01214
0.110972
-0.0211333
-0.0150896
0.924968
0.98613
-0.0241713
0.98747
1.02281
1.01614
-0.0794369
-0.0399218
0.945711
-0.0160658
1.29427
0.0270562
0.000101062
0.998097
0.834356
0.0243158
-0.0245604
-0.00582165
0.992714
0.905361
0.854826
-0.0243225
0.976454
0.785921
0.96524
-0.00826503
0.875548
1.09261
0.585881
0.0505469
0.444788
1.16724
0.0350256
0.0560025
0.0490486
-0.00462
-0.0306165
0.0175224
-0.0518728
0.993194
0.375437
-0.00921604
-0.172495
0.585247
0.06481
1.03427
0.970166
0.315562
1.00958
0.000804788
0.0264683
0.00403872
0.0176447
1.01362
0.992066
1.06011
0.982771
1.09804
-0.0306012
0.998354
0.142414
0.891576
-0.0903513
-0.00640716
-0.00234895
0.00510963
0.0102245
-0.0175019
0.0864204
1.04858
-0.0947534
1.01027
0.703718
0.996316
-0.00104207
0.111749
0.783628
0.0781103
0.998295
-0.044978
1.04218
0.683505
1.06414
-0.0149532
1.01787
0.718003
1.1577
0.242322
0.00149701
1.00722
1.15557
0.0079218
0.918145
0.900424
1.004
-0.0668764
1.01885
-0.00526037
0.891294
0.973069
0.00666204
1.07917
1.01784
0.9914
0.0738332
0.121117
0.861281
-0.1338
1.00749
-0.00604996
0.179485
-0.0162059
0.975815
0.796299
1.00329
0.985605
0.671482
-0.0975703
0.934103
0.220042
0.00991286
1.01117
0.987176
1.02651
0.448139
-0.0510764
0.962473
0.00763434
0.771247
-0.00514029
-0.00632834
1.05275
0.890777
-0.0219615
-0.0344201
