0.383599
1.02575
0.00714623
0.973236
0.991872
-0.0158582
0.0076952
0.000294268
-0.0289811
0.000332466
1.01131
0.982086
0.00675765
1.0194
0.127574
0.981554
1.01577
1.01837
1.00772
1.01685
0.0601006
1.00175
0.996774
0.954152
1.09376
0.0160596
1.01096
0.965299
0.290381
0.84459
1.09891
0.736303
-0.0478317
0.992618
0.987908
0.99432
0.100732
0.999583
0.0332724
-0.0217491
1.01993
0.010933
0.988969
1.01832
0.0245446
0.00263326
1.01166
-0.0792467
0.982985
0.0415897
-0.05401
0.0219266
-0.00366114
-0.0057542
1.0513
0.982871
0.0709848
-0.108634
0.225764
1.00011
1.0099
-0.0514926
-0.0135489
1.00111
0.074329
0.0387669
1.00174
0.998514
1.04436
1.0942
-0.0404973
0.0621409
0.0582184
1.01957
1.08071
0.990979
0.0171883
0.0732227
1.0067
1.01104
0.037086
1.00281
0.721598
0.884243
0.328494
0.977548
-0.00261839
1.00445
0.419413
1.01818
0.828816
0.530826
0.00380643
0.0359793
0.991498
0.0217344
0.997134
0.091699
0.363658
0.94655
0.0105919
0.138825
0.666556
0.977505
1.00138
0.951486
-0.0050807
1.00693
0.995232
-0.00379292
0.815662
0.0771724
0.92718
-0.058501
1.11392
1.00423
0.0102559
0.00424533
0.0182217
0.985104
-0.017434
1.00294
0.227572
0.969494
-0.108807
0.02893
0.998599
0.0351381
-0.0296359
0.156746
-0.0350787
0.00399933
0.0820006
0.84653
-0.0124156
1.00293
0.977248
1.00289
-0.00978287
0.884341
0.998773
0.972928
-0.02924
0.997843
0.977341
0.695169
0.0239979
1.01957
0.82629
0.00174011
0.990363
0.0900543
0.968613
1.00761
0.994016
-0.0377099
1.00625
0.00489959
0.963744
-0.00581456
0.98779
0.0389064
1.02162
0.27942
0.702623
0.036289
0.508577
-0.000265279
0.98187
1.01516
0.960199
1.04942
-0.00990533
0.0460588
1.01887
0.978142
1.0015
0.901175
0.998499
0.0081869
0.0527548
0.999705
0.112143
0.0405056
0.0445238
0.861646
0.924958
1.21579
0.992998
0.0114929
1.00635
0.59886
1.01103
-0.00437581
0.992105
-0.0427667
-0.012364
-0.0133169
0.990697
1.00867
0.985431
0.972573
0.0249017
1.00238
0.194913
-0.045077
0.993603
-0.0261519
1.01073
0.362683
1.28359
0.0256543
1.0106
1.00326
-0.126973
0.0274847
0.641045
-0.020321
1.00085
0.01138
1.1235
0.90914
0.00953313
0.992578
-0.0295221
-0.035804
0.964056
0.87014
0.165793
0.642086
-0.00967713
-0.0491041
0.99808
-0.0156869
0.00988829
0.00347774
-0.0637778
1.00805
-0.00985974
0.907886
0.728472
0.411881
0.00653452
-0.00889439
-0.0130622
0.563933
0.964717
0.198317
1.01914
1.0339
0.924553
0.985167
1.00904
0.0230333
1.00274
0.0109535
0.987767
1.01899
0.0891401
1.01517
1.00972
0.00144758
-0.0205388
0.713948
0.0382299
1.02322
0.126614
1.01252
0.8784
0.496683
-0.00762099
-0.00822465
0.929974
0.0926838
-0.000792033
-0.0139497
-0.018534
1.01164
1.01041
1.02448
1.03658
0.992874
-0.0333688
1.00288
-0.0294291
-0.151298
0.104707
0.994197
0.00457397
0.9949
0.0174415
0.274239
0.366766
1.00351
0.0320795
0.92128
0.981975
0.669964
1.00127
0.374103
1.00553
1.01748
-0.00804254
0.1708
0.000903279
0.0719323
-0.0533517
1.02767
0.615423
0.868405
0.956455
0.994228
0.225037
0.0188762
0.912663
0.980175
-0.00489242
-0.0510464
0.98971
0.0936125
7.74329e-05
-0.0602382
1.00091
0.119156
1.13781
-0.011759
1.00284
0.976251
0.116877
-0.0115738
0.952317
0.0418391
-0.0294517
0.689443
0.0150967
1.00631
0.790249
0.298271
0.996198
0.998202
0.987184
0.989391
0.812436
0.266981
0.0348864
0.751718
1.01915
1.00685
1.05867
0.000813535
0.952955
0.0455121
0.98722
-0.0129995
0.111548
0.108259
0.962281
1.09002
0.912542
0.417136
1.00379
0.989581
1.00601
0.133439
1.02279
-0.0285329
0.00602749
1.00495
0.278059
0.972073
0.00242167
0.000841936
0.960117
0.428162
-0.00328068
0.0366383
-0.00521848
1.02358
0.992188
-0.0243951
0.918343
1.00739
0.88155
0.0555335
0.272155
-0.0027888
-0.0110537
0.216724
0.969887
0.5437
0.130951
0.997083
0.992244
0.0473804
0.119166
0.04404
0.995909
0.00305854
0.647982
0.989451
1.01252
0.996249
-0.00685529
0.988455
0.987546
0.422116
-0.138836
0.176256
-0.152038
0.232176
-0.017001
0.979704
-0.0165416
0.00102864
0.865491
0.968511
0.637164
-0.0124386
0.0454154
-0.000475218
0.998048
1.01929
1.01395
0.338556
0.989307
-0.01346
0.998189
1.00567
0.0234302
0.0216773
0.537872
-0.0222677
0.0499644
0.79404
-0.151031
0.998514
1.00129
0.998446
1.01049
0.994276
-0.0952772
0.0203809
0.0046678
0.99706
0.995079
1.01842
0.877029
-0.00200061
0.00371202
-0.0208188
-0.0187308
0.982958
0.00851179
1.00595
0.344424
0.659853
0.142024
-0.0119844
1.02801
0.00528689
-0.0361785
1.00945
0.7555
0.10572
0.998459
0.223812
0.994889
-0.00330095
1.01018
-0.00892993
0.978375
-0.0217987
0.168692
1.03972
1.0066
0.929026
1.00351
0.0538356
-0.00266662
0.9532
0.943578
0.748513
-0.179269
-0.0184369
1.01035
0.963875
0.283386
0.90277
1.01663
0.00109402
0.00281465
0.978828
0.850253
0.0329359
0.000919093
1.0256
0.925298
0.985743
0.980793
0.0150157
0.638994
0.999523
0.661077
-0.0281139
0.254167
0.107099
0.165513
0.987157
0.197232
0.989724
0.0322404
1.0824
0.989325
0.229335
-0.00412359
0.0347901
0.0104767
0.0269138
-0.000170293
-0.021978
0.0129479
0.00302103
0.861927
1.00724
0.611785
0.0125479
0.0153139
0.997264
0.48252
1.02385
-0.0567443
-0.00631215
1.26641
0.0408303
0.962535
0.985711
-0.040893
0.995838
0.0326043
1.12101
0.0114686
0.894128
0.00152363
0.043384
-0.0872454
-0.195876
0.989356
1.01594
0.993099
0.945505
0.982304
-0.0205553
0.00313498
0.0550862
0.999308
-0.0047482
0.986978
0.557654
0.0178621
1.0106
0.991327
0.988874
1.00041
-0.00769893
-0.00387244
0.962527
-0.0530415
0.0175734
0.00803827
0.14108
0.873617
0.997984
-0.0748697
0.997145
1.02569
0.130296
0.998709
0.623464
0.961493
-0.00677253
-0.0446611
-0.00409617
-0.0428518
0.492952
0.922351
-0.0135708
0.0025063
0.0302503
1.01101
0.962448
1.0098
-0.0661861
0.143666
-0.0121237
-0.0170622
0.973453
0.0982275
0.577361
1.00265
0.0494891
0.646906
0.816383
-0.0105683
0.921771
0.0066906
0.170394
-0.00830353
-0.0941543
0.979084
0.995786
0.794225
0.996893
1.00509
0.00686967
0.980806
-0.0474421
-0.00323597
0.00748116
-0.0215941
0.988871
0.0104589
0.118562
-0.00864688
0.273977
1.00109
0.936835
1.00166
0.00167229
0.00141132
-0.0756351
-0.122625
1.0072
0.927245
0.00409357
0.998746
1.08835
-0.0985866
1.02433
1.01323
1.00825
-0.0579081
1.00225
0.496857
0.543418
0.630772
0.0308856
0.0408702
1.04634
0.00559491
1.00453
-0.0268329
-0.0124128
0.0397893
0.988775
0.0114078
-0.00532672
0.0239281
0.110846
0.00565919
1.02038
1.01375
1.01349
1.0993
0.0647149
-0.00255179
0.0247173
1.00117
-0.0133225
0.0603556
1.00937
0.0734781
0.0535867
1.00651
0.983827
-8.16924e-05
-0.0139453
0.0806991
0.999697
0.0527276
0.782609
-0.0510268
0.862894
-0.124004
1.0068
1.01926
-0.0210368
1.09679
0.349822
0.982819
1.03511
1.01058
-0.11645
0.995964
0.998807
-0.0599245
-0.00954707
0.00217759
0.0724365
0.991618
-0.313938
0.991392
0.00133418
0.0495365
0.993357
-0.00845172
-0.0166831
1.08934
0.991092
-0.0841736
-0.00367654
0.992289
0.985259
0.0781456
-0.0469389
0.9937
-0.0157685
0.253317
-0.00489362
0.00806522
1.00994
1.01206
1.00485
0.954046
1.01308
1.00973
0.960295
0.0502998
0.0426651
1.00452
-0.0246663
1.00755
1.03679
0.996052
1.00321
-0.0496469
0.154467
0.070774
1.00333
1.00764
0.992399
0.00774166
0.0061636
-0.00677266
-0.178826
1.03455
0.00533332
1.10577
0.0883615
0.972779
0.0412806
0.158399
0.987774
-0.0104575
1.0125
-0.0399163
0.993755
1.00659
-0.0136356
0.812653
1.00116
0.797686
0.197723
0.995418
0.0924213
1.01004
1.05116
0.0867672
1.01402
-0.0100523
0.631495
0.0192249
0.035973
0.882199
1.00677
0.0337643
0.986336
-0.00834279
0.97068
0.990223
-0.00339094
0.0118677
0.001397
0.645394
-0.0834589
0.120264
0.6544
0.020384
0.038012
-0.0395558
0.0543733
0.00282609
0.00222736
0.992465
-0.0938865
1.03809
0.00388141
0.981042
0.970288
-0.029446
1.01811
-0.0997448
1.06807
-0.0058229
0.056896
-0.00827629
0.990861
1.01972
0.606037
0.00794916
-0.00792076
0.0157275
1.00095
0.0749749
0.977191
1.08893
0.993549
0.01224
-0.0199757
0.0115448
1.00374
0.93048
0.0595033
1.09767
0.991001
0.0229577
0.14203
1.00143
0.0486829
-0.117449
1.01269
-0.00299353
1.02515
-0.0146901
0.379693
1.0084
1.00286
-0.00645305
-0.00849242
-0.0149674
1.00791
0.990392
0.139749
-0.00496327
0.953977
0.937506
0.959342
0.00542293
-0.0121566
1.01248
-0.00250387
0.188755
-0.00909344
0.16505
-0.0236443
1.00674
0.0182455
0.101922
0.988474
1.01212
0.986164
0.124774
1.03887
0.00804625
-0.0857468
-0.0834444
1.05846
0.970102
-0.0484716
0.960357
1.03977
0.988868
-0.00789257
-0.00877695
1.0076
-0.0186549
0.945889
0.0840387
0.0610231
1.01077
0.566971
0.0232698
-0.0217383
0.0160278
0.973771
0.763346
0.727201
0.0216219
0.998241
1.00113
1.00473
-0.0261189
0.930057
1.07816
0.670875
0.167334
0.584207
0.964748
-0.0600478
-0.0648387
-0.0113468
0.00227765
0.113227
0.00367952
0.0276431
1.04488
0.281068
-0.0343238
-0.0547071
0.889052
0.218751
1.02498
0.952852
0.432491
0.985306
-0.0122938
-0.0194729
0.193432
-0.0105254
1.00672
0.993596
1.16937
1.00041
1.01239
-0.0374843
1.01032
0.147792
0.987762
-0.0674664
-0.0219034
0.144805
-0.0398345
-0.0135626
-0.00751358
-0.00704885
1.07608
-0.0414959
0.916646
0.695801
1.12378
-0.0112375
-0.0189478
0.501555
0.174018
1.01603
0.00237724
0.982725
0.249186
1.00621
-0.00893763
1.02397
0.5808
1.06588
0.233048
-0.0131999
0.990244
1.0789
0.071392
0.990374
0.947794
0.901306
-0.0355418
1.05739
0.148246
0.959633
0.977703
-0.0670404
1.01665
1.01352
1.00007
0.0545922
0.41872
0.991844
0.00514066
0.98694
-0.00711587
0.121596
-0.00523058
0.981791
0.801127
0.989047
0.986241
0.651082
0.0271182
0.993675
0.0196423
0.0734136
0.989565
0.985886
0.96775
0.292868
-0.0720884
1.0053
0.060522
0.701203
-0.0296908
-0.00890288
1.01113
1.00378
-0.00777657
-0.00221247
