0.955188
0.963744
0.969882
0.97379
0.973678
0.974284
0.975028
0.97659
0.976618
0.975488
0.979116
0.979688
0.980274
0.980878
0.982064
0.983002
0.983214
0.983318
0.983346
0.983738
0.983922
0.98532
0.985866
0.985782
0.98596
0.986212
0.986742
0.987034
0.987336
0.987478
0.987658
0.987874
0.987682
0.987594
0.987848
0.987916
0.988396
0.988428
0.988602
0.98885
0.988838
0.988826
0.98895
0.98883
0.989022
0.98905
0.98891
0.988902
0.988698
0.988598
0.988668
0.988504
0.98852
0.988568
0.988652
0.988728
0.988848
0.98902
0.988988
0.98904
0.989072
0.989208
0.989188
0.989128
0.989116
0.989128
0.989
0.989136
0.989168
0.989232
0.9892
0.989256
0.989328
0.989364
0.98954
0.98954
0.989576
0.9896
0.989736
0.989792
0.989788
0.98984
0.989856
0.989872
0.989888
0.989888
0.990004
0.99008
0.990036
0.990036
0.990104
0.990152
0.9901
0.990164
0.990136
0.990116
0.9901
0.990132
0.99014
0.990192
0.990228
0.990208
0.990184
0.990188
0.990212
0.990216
0.99028
0.990156
0.9902
0.990136
0.990148
0.990172
0.990216
0.990216
0.99004
0.99008
0.990168
0.9902
0.990208
0.990156
0.990148
0.990176
0.990212
0.990148
0.990188
0.990168
0.990196
0.99024
0.990324
0.99022
0.990276
0.990292
0.99028
0.990292
0.990292
0.990292
0.990292
0.990352
0.990312
0.99032
0.990304
0.990276
0.9903
0.99034
0.990356
0.990372
0.9904
0.99042
0.990408
0.990396
0.99036
0.990336
0.990344
0.990344
0.990376
0.9904
0.990408
0.9903
0.990344
0.99034
0.99034
0.990252
0.990212
0.99024
0.990248
0.990256
0.9902
0.990188
0.99016
0.990048
0.990048
0.990008
0.989932
0.989956
0.98994
0.989916
0.98996
0.98996
0.989948
0.989996
0.990008
0.989988
0.989928
0.989896
0.989864
0.989824
0.989932
0.989936
0.989944
0.989964
0.989964
0.989952
0.989972
0.989952
0.989924
0.989904
0.989868
0.989892
0.989852
0.989848
