0.644418
0.5886
0.537552
0.492412
0.452308
0.417481
0.387218
0.361086
0.33796
0.316986
0.29905
0.283083
0.269363
0.257766
0.247628
0.239387
0.231627
0.226254
0.221226
0.217027
0.213529
0.210109
0.20794
0.205805
0.203881
0.202433
0.20112
0.200166
0.199747
0.198344
0.196985
0.196077
0.195525
0.194876
0.194436
0.19426
0.193844
0.193643
0.193181
0.19301
0.192858
0.192742
0.192591
0.192639
0.19213
0.192258
0.192089
0.19198
0.191995
0.192044
0.192071
0.192036
0.191529
0.191682
0.191935
0.191804
0.191367
0.191115
0.191197
0.191192
0.190996
0.191063
0.191038
0.190969
0.19089
0.190732
0.190552
0.190763
0.19088
0.190928
0.190503
0.190369
0.190474
0.190914
0.190997
0.190925
0.191122
0.191132
0.191154
0.19109
0.190986
0.191247
0.191314
0.191119
0.19085
0.190812
0.190871
0.19101
0.191025
0.191132
0.191061
0.190794
0.190646
0.190692
0.190519
0.190506
0.190539
0.190559
0.190672
0.190678
0.190681
0.190879
0.190699
0.190747
0.190803
0.190777
0.190863
0.190839
0.190597
0.190811
0.190771
0.190957
0.190832
0.190721
0.190747
0.190944
0.190915
0.19094
0.191063
0.191115
0.191157
0.191181
0.191418
0.191207
0.191232
0.19126
0.191106
0.191059
0.191246
0.191191
0.191115
0.190998
0.190983
0.190989
0.190965
0.191044
0.191019
0.191129
0.191055
0.191242
0.191188
0.191096
0.191005
0.190954
0.190998
0.190951
0.190947
0.190888
0.191008
0.191027
0.191186
0.191154
0.191223
0.191287
0.191409
0.19138
0.191382
0.191424
0.191358
0.19146
0.191366
0.191212
0.191348
0.191368
0.191444
0.191621
0.191592
0.191705
0.191843
0.191806
0.191851
0.192141
0.192135
0.191977
0.192031
0.192098
0.192071
0.192017
0.192039
0.192218
0.192251
0.192237
0.192243
0.192391
0.192424
0.192381
0.192412
0.192455
0.192338
0.192364
0.192414
0.192458
0.192401
0.192432
0.192399
0.19244
0.192456
0.192615
0.192841
0.19284
