1499.81
1252.82
1050.71
883.188
753.738
647.481
560.771
475.837
417.249
372.086
321.832
287.425
255.161
246.814
225.95
210.028
197.836
177.152
161.992
155.749
160.038
139.585
132.161
124.508
126.84
112.53
134.64
108.365
105.288
102.71
106.076
103.989
108.831
92.8848
92.1016
97.9709
90.0892
88.4382
81.9063
85.6321
81.6596
72.961
82.806
89.8897
83.4747
79.9675
78.7555
74.9464
73.9356
67.038
72.1575
79.3857
74.9985
72.4711
69.8288
72.1318
69.6056
70.6033
72.2145
66.5007
68.9499
60.1381
69.3005
63.4292
63.9801
61.188
60.4147
64.9949
59.6248
63.7572
64.4425
64.4437
56.3821
61.2015
63.1258
56.1227
58.6762
54.5775
51.2247
59.1824
58.6722
58.066
54.7699
47.9568
55.6195
55.7896
56.0599
49.4655
54.3458
55.531
48.554
50.9135
49.0258
52.0418
45.644
51.9566
53.0617
48.9149
53.718
47.0597
45.9213
41.6409
43.7258
49.8843
48.2921
44.6445
40.3393
45.5748
43.2995
48.3752
42.2714
47.818
40.4893
43.1765
42.766
44.1972
41.8136
42.213
40.3881
38.3808
37.3685
40.5204
41.9216
41.0943
38.6226
39.9901
35.8145
36.2091
35.6507
35.8108
38.5708
33.688
36.0318
37.131
32.5873
33.6297
35.2176
38.7942
29.0291
30.4055
33.5109
36.1494
33.2913
34.7914
32.9427
30.6423
31.9993
31.0719
32.7101
33.1117
32.7296
30.1939
30.7757
30.3463
32.9594
33.565
29.7277
26.9931
31.6923
29.0726
32.9508
31.4075
30.9926
29.6328
30.3744
32.6083
30.0764
33.0007
30.4755
27.2018
31.9971
24.5239
28.8997
30.2263
26.4123
28.4694
27.8371
23.0968
27.7248
25.8604
26.1945
24.798
28.2408
27.5423
28.5721
25.9625
24.1656
25.3768
25.4105
25.6262
25.4004
23.9512
23.3375
23.773
24.735
24.3529
23.5539
23.1789
22.0413
23.066
