0.66548
1.08979
0.19776
0.966706
1.02383
-0.023237
-0.0108208
0.0159852
0.00329174
0.0307783
1.07728
1.03542
0.167386
1.05253
0.268396
1.02404
1.03312
1.00024
0.933144
1.01364
-0.0605468
1.00929
0.991311
1.02028
0.932798
0.0394563
1.07497
0.99006
0.0335404
0.662427
1.20349
0.963885
-0.0255076
1.00441
0.93653
1.04408
0.321862
0.942855
0.0834871
0.187248
0.995303
0.0112964
0.936573
0.994686
-0.0260078
0.078299
0.980443
0.233824
0.790052
0.052805
-0.0500629
0.10364
-0.0109093
-0.00232541
0.969296
1.04049
0.135434
0.0840947
0.641858
1.02979
1.02657
-0.0606318
-0.0122006
1.01951
0.206301
0.0544147
1.03471
1.01369
0.99051
1.01336
-0.226265
0.355064
0.173912
1.00148
0.797834
0.994567
0.299406
0.0812198
0.985407
0.980229
0.113233
1.01678
0.97688
0.950194
0.263336
1.00268
0.0131531
1.00101
-0.00549971
1.1695
0.978644
0.909706
-0.00413896
0.0159626
0.977603
0.0649932
1.0018
0.0313206
0.198274
1.02187
-0.0215985
-0.0675348
0.95759
1.01908
0.993918
0.695561
0.0702189
0.970931
0.971468
-0.0632165
0.447563
0.135111
0.734302
0.149134
0.841467
1.01967
0.0413781
-0.0162811
0.0753817
1.03447
-0.0755914
1.00412
-0.0538327
0.864676
-0.0563728
0.0409017
1.0025
0.0179022
0.0381212
0.322636
0.12285
0.0594262
-0.0134176
0.866976
-0.0376114
0.988168
0.935971
1.02758
-0.0473626
1.04422
0.99243
0.777483
-0.0468189
1.00915
0.724681
0.921928
0.00456608
1.03634
1.03036
-0.0206571
0.938794
0.268715
1.06561
0.956733
1.0398
-0.101926
1.01539
-0.0940619
0.916936
-0.0270497
0.971618
0.00972997
0.995843
-0.0224746
0.127987
-0.0262129
0.0694278
-0.0807756
1.01622
0.961583
0.929227
0.941398
-0.105899
-0.225738
1.08227
1.04143
1.063
0.627904
1.04696
0.0491048
0.00178541
1.06045
0.303214
0.128931
0.0441973
1.02212
0.961867
1.03136
0.988574
0.0982349
1.02209
0.668434
1.02759
0.00410755
1.03195
0.0224626
-0.0276617
0.0336689
0.972876
1.00951
0.995131
0.985184
0.00285899
1.04704
-0.0411216
-0.0358574
0.946189
0.031563
1.00527
-0.00482896
1.07024
-0.0380672
0.968799
0.992089
0.0493681
0.000591647
0.768245
-0.0158521
0.959448
0.0661016
1.08642
0.724201
-0.0714972
1.0096
-0.0210666
-0.00125863
1.02253
0.898587
0.0774508
0.589879
0.00780247
0.0361961
1.04522
-0.0199615
-0.0144689
0.137143
-0.0376454
0.931309
-0.0299811
1.03039
1.0827
0.237386
-0.0316857
0.014606
-0.0194562
0.468736
0.579349
-0.00574903
0.981047
0.981469
0.971394
1.01133
0.981317
0.0877094
1.00589
0.0135352
1.00246
1.01528
-0.0933535
0.944393
0.985557
0.101945
-0.042985
0.560091
-0.117018
1.07737
0.143493
0.985407
1.05968
0.10419
0.0287996
-0.0107734
0.98454
0.926637
0.0122928
0.0352347
-0.113258
0.900491
1.00053
1.05159
0.811647
0.834266
0.0501145
0.969569
-0.0505382
-0.0955703
-0.0197466
1.03779
-0.0202946
1.01906
-0.0271803
0.15231
0.250454
1.04052
-0.0104987
1.007
0.887931
-0.223406
0.997355
0.183552
1.04341
0.999302
0.00527966
0.113975
-0.00292588
0.0114738
-0.0129603
0.775675
0.303439
1.04964
1.03378
1.01648
0.0581769
0.0685916
0.494582
1.02496
0.0633754
-0.0357512
1.00111
0.225438
-0.00626246
-0.0545214
1.01621
0.0848078
0.705708
0.0145986
0.806807
1.02065
0.101403
0.180242
0.908745
0.0395479
-0.00610106
0.65914
-0.0392493
0.991881
1.04235
0.541635
0.927527
0.909995
0.971687
0.596755
0.1347
-0.0378529
-0.0430333
0.432359
0.940473
1.01695
1.01687
-0.0549921
0.949738
-0.0138935
0.919367
0.0634141
0.0457124
0.0779219
1.00269
0.987111
0.675704
0.55033
0.928812
1.03411
1.00415
0.325753
0.996744
0.0606502
0.0888213
1.03975
0.0325143
0.994656
0.0499366
0.00709731
0.741283
0.605227
-0.0143545
-0.000217158
0.035281
1.00454
1.00064
-0.144399
0.785778
1.0342
0.996857
0.079949
1.15097
0.0189712
-0.148225
0.584616
0.975754
0.849386
0.420721
0.936134
0.956588
0.000924863
-0.0126743
0.0879866
0.967351
0.0375336
0.968983
1.0503
0.955673
0.982707
-0.00461532
0.851174
1.00326
0.301135
-0.0149422
0.869476
0.472489
0.21522
-0.0359229
1.00809
0.0923756
0.0260029
0.418805
0.985971
0.749646
0.0739983
0.00640825
-0.0188974
1.00004
1.08889
1.0289
0.0110185
0.773286
0.00699327
1.03932
0.921174
0.0938279
-0.159946
0.386715
0.109709
0.00814972
1.18664
0.0647601
0.998613
0.948389
1.0011
0.976978
1.01372
-0.248511
0.252511
-0.0215365
0.957646
1.0167
0.991669
0.93255
0.00731145
0.0710081
-0.00747276
0.000619143
0.981162
0.00883904
1.02784
0.318514
0.977088
0.0346866
0.044203
1.01565
0.0332234
-0.0231831
0.905291
0.527564
-0.00214567
0.943828
0.927173
1.00731
-0.00396442
1.08384
-0.0249598
0.991559
-0.0289105
0.122746
0.812569
1.07534
1.00919
1.04167
-0.0887086
-0.0260786
0.99173
1.00727
0.897174
-0.235349
-0.0380669
1.05826
0.73847
0.321037
0.888798
0.958341
-0.03686
0.0820907
0.435385
0.711324
0.0190453
-0.0152149
1.02675
0.808014
0.93483
0.952841
-0.0804997
0.753504
1.0307
0.0240695
0.0184157
0.889125
0.151355
-0.00489778
0.865907
0.418087
0.954433
0.00210756
1.03822
0.883311
-0.0961823
0.0463483
-0.0421412
0.115782
0.0633985
-0.00648905
-0.0794242
0.185114
0.0804836
0.739082
1.07239
0.118775
-0.0302881
-0.0323216
1.00338
0.673317
1.02161
0.109668
-0.118694
0.872749
0.00582104
1.04837
1.00012
-0.0885989
0.915893
-0.125808
1.00944
-0.47507
1.15257
-0.0129526
-0.0234054
-0.106532
-0.0179229
0.982279
1.07764
0.997222
1.00142
1.03827
0.238867
0.0820844
-2.11624e-05
1.08435
-0.0445268
0.891883
1.06163
-0.0316191
0.985042
0.93191
1.01483
1.01216
-0.0297568
0.303739
0.477265
-0.143474
-0.00982426
-0.0547082
-0.0865925
0.777799
0.863958
-0.109725
0.985162
1.02835
0.125023
1.02133
0.500965
0.870961
-0.0474815
0.0468281
0.00244415
0.0121595
0.445428
0.620847
0.0161398
-0.0614682
0.00758218
1.02202
1.05227
0.995388
0.16428
0.147721
-0.0124501
0.120178
0.940491
-0.185515
0.999054
0.943392
-0.0571389
0.377597
0.88817
0.00137371
0.718522
0.000307966
0.0929506
0.040161
0.469543
1.04327
0.967485
0.373299
1.03238
1.00848
0.0582538
0.974286
0.0806975
0.0255867
0.500934
0.00601598
0.785178
-0.0486908
0.0824436
-0.0150627
0.31439
1.00221
1.0681
0.998006
0.0329828
-0.104127
0.0182024
-0.073515
1.02145
0.832457
0.0492458
0.889624
0.986422
-0.03901
1.03837
1.02594
0.921968
0.0161762
0.92813
0.297911
0.0847973
0.539585
-0.0280986
0.0383165
0.787298
0.20519
0.993634
0.0555925
0.0287736
-0.166614
1.12391
0.00305552
-0.0123691
-0.0854971
0.0418113
-0.0446165
1.04316
0.983942
0.999535
1.04474
-0.0152221
0.0207137
0.0935727
0.994578
-0.0941688
0.0448311
0.976162
-0.0685318
0.0541507
1.01618
0.959861
0.043998
0.0082625
-0.0582566
0.979705
0.0260055
0.635521
0.0960636
0.758605
0.272999
1.03064
1.09086
0.0126859
1.19037
0.317532
1.03294
0.87068
0.921906
-0.0225558
0.986573
0.998312
0.109257
-0.0289528
-0.0085174
0.198965
0.910303
0.113326
0.9789
0.00705362
0.00862218
0.958599
0.01369
0.0858405
1.0366
0.966536
-0.0261684
-0.033697
0.825615
0.975724
0.0783091
-0.0685134
0.922911
0.189539
-0.0539737
-0.0134644
0.0905187
1.00246
0.9938
1.07183
1.05105
1.03572
1.06347
0.90889
-0.0576652
0.0548851
1.0006
-0.0388102
1.03875
1.08377
1.00037
1.32477
0.151765
0.132105
0.129875
0.980663
1.02126
1.01148
0.133952
-0.020167
0.0597796
0.123896
1.10447
0.0216699
1.02203
-0.0841257
0.86054
0.01804
0.0979137
0.816544
0.0451271
0.990146
-0.0155118
0.841866
1.03619
-0.0997042
0.972746
0.604557
0.786245
0.543857
0.957053
0.145802
1.03557
0.887731
-0.170577
1.05434
-0.0155473
0.481282
-0.0534104
-0.0505062
0.564763
1.00356
0.0264246
1.02827
-0.0101375
0.935665
1.02521
0.00155921
-0.00363522
0.267051
0.00473334
-0.104418
-0.040855
0.707181
-0.081121
0.120149
0.0119577
-0.00729555
-0.0254134
-0.0195332
1.01563
0.150312
1.02996
0.0162404
0.992366
0.90577
0.0529713
0.924064
0.101946
0.833759
0.0186765
0.203726
0.0128039
0.987659
1.02691
0.937884
0.0382808
0.024204
-0.111002
0.978217
0.156585
1.01521
1.08956
0.994381
-0.0665613
0.00222453
0.140445
0.974162
1.11244
0.559378
1.02757
1.00074
0.151484
-0.0353106
1.02329
0.0343289
0.471949
1.02168
0.00107624
1.03143
0.0233478
0.698279
1.02325
0.931777
-0.0481984
0.0304802
0.0105732
1.01604
0.925651
0.174106
0.108927
0.987767
0.762577
0.869978
0.0245259
-0.0104932
1.06976
-0.142319
0.087197
-0.00789181
0.40526
0.0305164
1.03472
-0.0204367
-0.0424801
0.989858
0.999868
1.02665
0.00869241
0.888681
-0.0463979
-0.05973
-0.074012
0.713571
0.919732
-0.0287223
1.00541
0.752642
0.99792
-0.0487327
0.174359
1.01794
0.00556535
1.26326
0.00278063
-0.00113863
0.99494
0.563247
0.059788
-0.0108298
0.193726
0.968363
1.03146
0.777435
-0.0183634
1.04013
0.961694
1.01187
0.00667402
0.831826
1.1621
1.0311
-0.0173655
0.59677
0.887606
0.118943
0.3394
-0.212716
-0.0416942
-0.0828085
-0.0676915
0.284486
0.998314
0.0458876
0.0903646
-0.26807
0.810124
0.154515
0.816483
1.0239
0.748251
1.02783
-0.018947
0.0133329
0.0495038
-0.00146683
1.01302
1.0138
1.14737
0.945411
1.26769
-0.0573731
1.01529
0.398625
0.981504
0.160068
0.0055735
0.119304
-0.000991218
-0.0189752
-0.0237594
-0.0573472
1.09771
-0.0417083
0.946788
1.03919
1.07145
-0.0519388
-0.0324712
0.66415
0.150187
0.964857
0.000822844
0.862967
0.182301
0.865112
-0.010919
1.00793
0.495342
0.796928
0.41186
0.0164419
0.99859
0.91853
-0.0124517
0.986442
1.03769
0.845464
-0.112121
1.06235
-0.0156684
1.02574
0.869554
-0.0221052
0.96503
1.03365
1.02368
0.0789226
0.325702
0.96817
-0.169105
0.974853
-0.0451361
-0.0132781
0.00398578
0.727086
0.556258
0.998369
0.99945
0.752511
-0.0112926
1.01599
-0.0352328
-0.0653943
0.961359
0.962439
0.922378
-0.0647823
-0.116875
1.02631
0.118024
1.05389
0.0536713
0.0491275
0.393305
1.03897
-0.04545
-0.012897
