0.953292
0.968486
0.97598
0.97791
0.97939
0.98064
0.981778
0.982026
0.982238
0.98335
0.983326
0.983748
0.985106
0.985136
0.985148
0.985172
0.985304
0.985378
0.985708
0.986868
0.987968
0.988072
0.988104
0.988156
0.988452
0.988226
0.989316
0.989224
0.989082
0.9892
0.989148
0.989314
0.989444
0.989658
0.989792
0.98968
0.989556
0.989518
0.989438
0.989442
0.989382
0.989856
0.989808
0.98984
0.989928
0.990074
0.99011
0.990056
0.99026
0.9903
0.990324
0.990292
0.989804
0.990068
0.990212
0.990384
0.990608
0.990548
0.990556
0.990476
0.990508
0.990428
0.990436
0.990436
0.990452
0.990456
0.990496
0.99034
0.990472
0.99048
0.990576
0.990704
0.990632
0.990488
0.990504
0.990492
0.990476
0.990488
0.990472
0.991312
0.991208
0.991296
0.991272
0.991316
0.991264
0.991212
0.991196
0.991204
0.991184
0.991136
0.991272
0.991356
0.99142
0.991464
0.99146
0.991464
0.991464
0.991448
0.991608
0.991616
0.991568
0.991664
0.991688
0.991612
0.99162
0.991632
0.991684
0.9917
0.991716
0.991672
0.991632
0.991652
0.991748
0.99176
0.99182
0.991792
0.991808
0.991792
0.991788
0.991776
0.9918
0.99178
0.991796
0.991772
0.991748
0.991672
0.9917
0.991744
0.991728
0.991732
0.991728
0.991764
0.991724
0.99176
0.991772
0.991712
0.99172
0.991716
0.991708
0.99168
0.991672
0.991648
0.9916
0.991596
0.99154
0.991556
0.991516
0.991524
0.9915
0.9915
0.991472
0.991528
0.99158
0.99156
0.991448
0.991444
0.991476
0.991484
0.9915
0.991488
0.991408
0.991484
0.991468
0.991468
0.991468
0.991496
0.991532
0.991568
0.991584
0.991604
0.991616
0.99162
0.991348
0.991364
0.991344
0.991364
0.991372
0.991384
0.991384
0.991364
0.991292
0.991276
0.991296
0.991236
0.99122
0.991188
0.99118
0.99118
0.991132
0.991064
0.991092
0.991072
0.990948
0.990936
0.991008
0.991008
0.991024
0.991104
0.991064
0.991052
