0.953292
0.96847
0.97564
0.977876
0.979052
0.98204
0.98392
0.984986
0.984226
0.984612
0.984884
0.984672
0.985696
0.986814
0.987284
0.987474
0.987438
0.987738
0.988084
0.988256
0.988428
0.988418
0.98886
0.98888
0.989008
0.989104
0.9893
0.989552
0.990004
0.990052
0.990164
0.99168
0.991862
0.991946
0.991946
0.992286
0.992254
0.99246
0.992398
0.992562
0.992582
0.992622
0.992652
0.99278
0.992804
0.992852
0.99294
0.992976
0.992968
0.99296
0.993016
0.99298
0.993024
0.993084
0.993128
0.993084
0.993096
0.99319
0.993194
0.993184
0.993104
0.993132
0.993112
0.993076
0.993012
0.993028
0.993012
0.993048
0.993114
0.993134
0.993062
0.993086
0.993064
0.993088
0.993088
0.99306
0.993004
0.992948
0.992992
0.992912
0.992948
0.992904
0.992936
0.99292
0.992912
0.992844
0.992836
0.992776
0.9928
0.992796
0.992724
0.992708
0.992732
0.992716
0.99274
0.99278
0.992764
0.9927
0.992704
0.99272
0.992724
0.99272
0.992672
0.992688
0.992648
0.99266
0.992704
0.992696
0.992696
0.99272
0.992784
0.992792
0.992804
0.992808
0.992816
0.992788
0.992772
0.992792
0.99292
0.992904
0.992904
0.992936
0.992944
0.992912
0.992948
0.992936
0.992928
0.992888
0.993144
0.99316
0.993164
0.993212
0.99322
0.993208
0.993224
0.993236
0.9932
0.99322
0.993248
0.99322
0.99324
0.99322
0.993256
0.993264
0.99324
0.99324
0.993232
0.99322
0.993244
0.993256
0.993264
0.993292
0.993268
0.99326
0.993304
0.993284
0.993276
0.993292
0.99328
0.99326
0.993256
0.9932
0.993208
0.993156
0.993108
0.993152
0.993156
0.993096
0.993088
0.99308
0.993032
0.993052
0.993076
0.993108
0.993104
0.992988
0.993
0.993048
0.993032
0.993016
0.992996
0.992976
0.992996
0.992992
0.993028
0.993012
0.993008
0.993024
0.99304
0.993084
0.993072
0.993068
0.993116
0.993124
0.993108
0.993092
0.993096
0.993092
0.993124
0.993132
