0.535018
1.01045
-0.019866
0.968596
0.992505
-0.0600075
-0.0487004
0.0110328
0.00415297
-0.0641571
1.00218
0.964095
0.00853825
0.996688
0.10133
1.01821
0.983477
0.925444
1.04605
1.01226
-0.0325325
1.0173
0.984448
0.996302
1.01088
0.0127604
1.00668
1.02526
0.253728
0.303993
0.973325
1.26351
-0.0169484
0.969678
0.924279
1.01328
0.00359526
0.989638
-0.0316827
0.0765077
1.01092
-0.00674134
0.954655
1.00043
-0.0671604
0.118353
0.982654
0.0254452
1.14383
0.152056
0.00341436
-0.0406507
-0.0187297
-0.015332
0.977043
1.05234
-0.0475863
0.0187142
0.614333
0.994347
0.998499
-0.0162244
0.00414016
0.987053
0.0381359
0.00889668
1.02643
0.993228
1.02722
1.13434
-0.0664528
0.0262576
0.0020117
1.01384
0.46271
0.957373
0.0460268
0.0814395
0.991562
1.02251
0.147384
1.00589
0.441096
0.979278
0.361767
0.97474
-0.0224947
0.997278
-0.00431778
0.980276
0.915547
0.824418
-0.0418039
-0.0122863
0.983699
0.0754964
0.978786
-0.098431
0.339753
0.995655
0.0718483
-0.0420676
0.599168
0.982463
0.996127
0.999937
-0.0208061
0.78625
0.977474
0.0111135
0.598243
-0.18925
0.976522
0.015217
1.24732
1.01182
-0.0444531
-0.000440484
0.0707099
0.940751
0.0145537
1.00026
0.324847
0.837233
0.0710416
0.0120934
1.01096
-0.0402751
0.0121647
0.38944
0.211827
-0.0135334
0.0176552
0.940651
0.0868599
1.00465
0.965108
0.996921
0.00569285
0.994112
0.997312
0.906186
-0.0363396
1.01072
1.03305
0.416199
-0.014653
1.04285
1.03745
0.358674
0.994658
0.22177
0.997601
0.929872
0.953221
-0.0726383
1.00693
0.0497763
0.990449
0.0234708
0.980551
-0.0176577
1.00067
0.0997869
0.695063
0.0452085
0.0768437
0.0371859
1.00029
1.06693
0.971452
0.839536
-0.00285672
0.0275397
1.03496
1.00724
0.997145
0.888614
1.00496
-0.034223
0.0314451
0.988414
0.0900656
-0.0286806
-0.0188344
0.979903
0.904383
0.986563
0.990795
-0.0267953
0.980379
0.630189
1.00834
0.0308275
0.834898
-0.0768742
-0.00934166
-0.0142387
0.972947
0.985004
0.844816
1.01637
-0.00691098
1.00931
-0.121649
-0.0422162
0.995417
-0.0182758
0.984386
0.0459006
1.24541
0.0476521
1.06769
1.00593
-0.21476
0.00859476
0.714022
-0.00733789
0.985782
0.00686361
1.15206
1.11031
-0.00444945
0.974232
0.0200828
-0.0115008
1.0136
0.89494
-0.122952
0.887143
0.0104445
-0.104723
1.022
-0.0294373
-0.00769797
-0.0192971
-0.081039
0.996693
0.021489
0.662293
1.05708
0.666169
-0.00553485
-0.00276782
0.00037922
0.305613
1.04235
0.131739
1.01312
1.01392
0.954524
0.991378
1.00263
-0.0616277
1.02541
0.0133206
1.00065
0.743841
0.0277307
1.01081
0.965513
-0.0652298
-0.0301519
0.602195
-0.000271802
1.02991
-0.00344066
0.934103
0.985692
0.28607
0.0381077
0.0133524
0.990997
0.402477
0.0174385
-0.0327084
-0.0952354
1.00547
1.00432
1.0568
0.98724
0.995795
-0.0207441
0.991798
-0.0305128
-0.304915
0.0694451
0.989205
0.00469021
0.994732
0.0090697
0.165213
0.205916
1.00296
-0.00369413
0.984407
0.968933
0.971528
0.999265
0.29491
1.00243
1.00492
-0.028997
0.0797077
-0.0166573
0.127137
0.0131965
1.00055
0.0959401
0.936363
0.977105
0.994619
0.0403023
-0.0415775
1.0056
0.933594
-0.00672257
-0.0124201
0.99965
0.0870967
0.0800086
-0.0491917
1.00427
-0.0172658
1.29084
-0.00245321
0.988722
1.06663
0.80269
0.00682288
0.9874
0.228929
-0.00449296
0.516321
0.0084425
0.973866
0.940514
0.279375
0.983129
1.01013
0.995075
1.01194
0.644659
0.118522
-0.0504674
0.544843
1.01033
1.01626
1.05535
0.176277
0.918554
-0.0902609
0.955256
0.029719
0.0282063
0.0978764
0.963404
0.883426
0.921404
0.880422
0.992956
1.02563
1.00064
0.100618
1.07281
0.0459629
0.0833167
0.970027
0.129448
0.978573
-0.0747768
0.00603834
0.970145
0.771815
0.140635
0.0821355
-0.0250759
1.00691
0.983284
-0.005581
0.634601
0.958854
0.975203
0.220346
0.196406
-0.00554187
-0.000412384
0.293116
0.894419
0.370001
0.0198014
0.983854
0.991935
0.138863
0.0536533
-0.00643453
1.00399
0.0636942
0.549317
1.01326
0.997899
1.04954
0.000724082
0.988783
0.967308
0.0164084
-0.0137905
0.166288
0.203929
0.350156
-0.151885
0.887425
-0.0459137
-0.0159957
0.739658
0.981324
0.0110971
0.124059
-0.094603
-0.0312595
1.01172
0.946938
0.995073
0.101599
0.966369
0.0128729
1.00079
0.985099
0.0147845
-0.117567
0.471169
0.0499257
0.0187844
0.741336
0.0439548
0.853307
0.996666
1.03423
1.01566
1.01841
-0.0543971
0.0590469
-0.0396574
0.974855
0.987997
1.00899
0.730969
0.00156614
0.0735682
-0.0341724
0.029934
1.03087
0.0265952
1.07237
0.120001
0.989894
0.136819
-0.0185456
1.02288
0.0110092
0.0535792
1.12457
0.825885
-0.0511264
1.02763
0.717221
1.00154
0.159849
0.958777
-0.0673957
0.973276
0.0117734
0.182337
0.988226
0.860183
0.808277
1.04793
0.150231
0.0908928
0.997498
0.974377
0.974396
0.0524997
-0.00305397
1.03392
0.987572
0.283677
0.862332
0.978675
-0.0391072
-0.0196187
0.883335
1.10735
0.0526265
0.0154031
1.06551
0.875608
0.98505
0.984396
-0.00836053
0.929228
0.999847
0.160494
-0.00502674
0.456302
0.186977
0.00626609
1.07018
0.512757
0.992985
0.0587094
1.04798
0.992278
-0.0127049
-0.00768192
0.0078655
0.158642
0.0536369
-0.0186328
-0.00604257
0.0868789
-0.0154901
0.782329
0.907735
0.681424
-0.00160048
0.14969
0.982066
0.474983
1.00871
-0.0770254
-0.0544458
1.05753
0.0406944
1.03551
0.988352
-0.269317
0.98356
-0.0465003
0.926919
0.135019
0.905057
0.0116955
-0.00569143
-0.101204
-0.138781
1.09604
1.00902
0.978807
0.976903
0.923537
0.0215192
-0.0025212
-0.0318517
0.942728
-0.00966263
1.01721
0.826987
0.0110258
1.0117
0.983058
0.990454
0.993167
-0.0126483
0.0427114
0.993568
-0.0612954
-0.0265155
-0.0244832
-0.0439262
0.62576
1.05447
-0.146244
0.981531
1.01931
0.237444
0.97344
0.927601
0.976451
-0.0171311
-0.0719734
-0.0220522
-0.047059
0.518176
0.820782
0.0371953
0.00173595
-0.0247211
1.01059
0.980797
0.999642
-0.0248249
0.243933
0.00371147
-0.0584559
0.992091
-0.0203572
0.61183
1.01851
-0.0167041
0.188728
1.00647
0.170514
0.867797
-0.00428347
0.231703
-0.025368
-0.327807
0.974304
0.978417
0.882579
0.981671
1.00046
0.0105065
1.0057
-0.0173993
0.00863462
0.0118541
-0.0167637
0.939117
-0.00334487
0.0988878
0.0880751
0.436883
1.01581
1.02432
1.04429
-0.0454328
-0.0161807
-0.0376913
-0.0303087
1.00649
0.975247
0.0130196
1.10392
0.984317
0.0703014
1.04131
1.04515
1.02668
0.0394613
1.00508
0.27536
0.883488
0.446811
-0.00546113
0.0343638
1.25142
0.259219
1.01087
-0.0281237
0.138345
-0.0305122
0.965017
-0.0350625
-0.0137518
0.232623
0.101298
-0.0131025
0.987658
0.999743
1.00044
1.01608
0.0476466
0.039797
0.0135051
0.973134
-0.0517517
0.0303162
1.0117
-0.0891815
0.0435397
1.02086
1.03018
0.054548
-0.0229556
0.0122944
1.01708
0.185542
1.01336
0.0105524
0.785123
0.211993
0.994751
1.03633
-0.00819177
1.17674
0.352388
0.967782
0.970195
0.999931
0.00173725
0.998602
0.987863
0.108731
-0.00811174
0.0148167
0.0424024
0.980172
0.248765
0.993754
-0.00448723
0.011459
1.00309
0.0118691
0.106501
1.06355
0.985948
-0.0165835
-0.0667486
0.945468
1.01682
-0.0405134
0.0638547
0.940252
0.0031231
0.0515323
-0.0331198
0.0174409
1.0142
0.979265
0.986361
1.0075
0.994966
1.07752
0.932558
-0.0433721
0.118388
1.00676
-0.0089231
0.962457
1.00864
0.998063
1.09575
0.0988013
-0.00176759
0.209209
0.998864
1.05048
0.965378
0.00408164
0.00646075
0.0303123
-0.156244
0.991807
-0.0108056
1.11493
-0.038077
1.04582
0.015518
-0.00721791
0.967634
0.0150398
1.01631
-0.0205746
1.00461
0.960291
0.00782237
0.835757
1.06128
1.03356
0.869548
0.99504
0.283548
0.993072
1.01333
0.00220066
1.03078
-0.0187515
0.768373
-0.0072335
0.0630425
0.903205
1.01952
0.107556
1.00555
-0.0151312
0.814793
0.940599
-0.0114768
-0.013674
0.0669569
0.000849993
-0.174363
0.0582062
0.973659
0.0192415
0.0589532
-0.00291687
0.181736
-0.0172802
-0.00855856
0.994285
0.00498941
0.961096
0.0998596
0.965463
1.01622
-0.0190954
0.992985
-0.0450347
1.01458
-0.00833211
0.0165787
-0.0775049
0.987521
1.01998
0.497065
-0.00248608
0.0728831
-0.177589
1.11402
0.193956
0.983404
1.00879
0.802922
-0.00339251
-0.0185208
-0.0191256
0.984346
1.12909
0.934421
1.08467
0.977988
0.0216855
-0.044096
1.00824
0.0289832
-0.0877954
0.959593
0.00842834
0.995508
-0.00524421
0.365012
0.976058
0.97963
-0.00515903
0.0199329
0.00857365
0.974841
0.944499
0.324045
0.0310715
0.85325
1.12767
1.00672
-0.00749005
-0.0167605
0.985222
-0.0179236
0.0157402
0.0631447
0.52533
-0.0511948
1.06513
0.124942
-0.01945
0.972321
1.00019
1.05468
0.014363
1.14131
0.103657
-0.0372467
0.0175747
0.974557
0.953484
0.0519144
0.987832
1.05887
0.967755
-0.01687
0.017547
0.981089
-0.00406281
1.00116
0.0570993
-0.0698982
1.09005
0.711892
0.0844567
-0.0237932
0.00983703
0.642433
1.20774
0.63775
0.0575191
0.977084
0.510243
1.05074
-0.00469728
0.856909
1.04008
0.532052
0.0530272
0.386446
1.05902
-0.0396541
0.234256
0.0683288
-0.00125503
-0.000802125
-0.017881
0.449702
0.979568
0.449954
-0.0781295
0.0510728
0.786035
0.0941213
0.945158
0.972761
0.386674
1.01196
0.00602272
-0.0152308
0.0688769
-0.00962122
1.0321
1.00141
1.20725
0.975843
1.17322
0.00708825
1.00098
0.295605
0.972799
0.314418
-0.00380288
-0.0439805
-0.00056503
-0.0564953
0.0282295
0.211393
1.04518
0.0146685
0.84736
1.05184
0.877058
0.0121702
-0.0135608
0.948919
0.176528
1.04281
0.0268191
1.06591
-0.0444032
0.996112
-0.00216077
1.02979
0.615885
1.14908
0.288018
0.0272526
0.991944
0.996527
0.0140271
0.987101
1.01074
0.97894
0.164288
0.966184
-0.0116399
0.970013
0.968497
-0.0190094
0.966318
0.989846
1.00358
0.00655315
-0.1159
0.995324
0.274777
0.992731
-0.00881167
0.0151433
-0.0301776
0.950304
0.583406
0.996801
0.958466
0.866461
-0.041366
0.981335
0.150605
-0.0359271
0.988655
1.00754
1.05226
0.0273594
-0.0659888
0.938972
-0.0178697
0.881515
-0.00415151
-0.0419065
1.00626
0.987788
-0.00715632
-0.0313556
