0.526089
0.996271
0.0378652
0.994901
0.989813
-0.00314032
-0.0129405
0.077665
-0.00287884
-0.0365435
1.01271
0.943534
0.0449709
1.02675
0.151964
0.903699
1.04778
0.955417
1.00088
0.984029
-0.00155381
0.971562
0.969478
0.979932
0.973049
0.0446945
1.00513
1.00833
0.155261
0.247961
1.12235
0.834014
0.0517003
0.977563
0.954142
0.950245
0.0321377
0.99047
0.00354972
0.175708
1.08553
-0.0451955
0.9771
0.989477
0.00275341
0.0109109
0.983266
0.0280761
0.686268
0.260888
-0.0200216
-0.0175856
-0.0311172
0.00835708
1.02247
1.03221
0.0748711
0.0665547
0.444937
1.00344
1.00709
-0.00346883
-0.091412
0.995096
-0.0342415
0.0198869
1.00214
0.989009
1.00763
1.05181
0.0719251
0.0727314
-0.00415191
0.954415
0.52955
0.997046
0.030509
0.146561
0.996535
1.00223
0.256048
1.0449
0.520791
0.960368
0.343439
0.922426
-0.127569
1.00329
0.0219974
0.973652
0.941342
0.79559
-0.0367716
-0.0184616
0.991542
0.147537
0.988432
0.136231
0.271778
0.98918
0.0387569
-0.0434839
0.369203
1.0011
1.00975
1.08603
0.00353713
1.04148
0.985503
-0.0153047
0.729458
-0.0474005
0.992313
0.0113275
1.19108
1.00474
-0.00142021
0.0455644
0.0325641
0.906337
0.00737196
1.00221
0.130002
0.938511
-0.0820941
0.0220066
1.01006
0.0370653
0.000562197
0.488838
0.22433
-0.0316477
-0.000946241
0.945464
0.131833
1.00347
0.992522
1.00057
-0.00425903
0.751167
0.98437
0.848716
0.0842435
1.00326
0.963017
0.636712
-0.0410584
1.04676
1.17435
0.0114648
0.970613
0.121894
0.997804
1.01761
0.972385
-0.00618853
0.9955
0.158203
0.985614
-0.0691477
1.00595
0.0510246
1.01581
0.0262948
0.691315
-0.0307072
0.0790838
-0.0142691
1.00235
1.00697
0.970049
0.748364
0.0192562
0.115476
0.971634
0.983577
1.00609
0.798382
1.03104
-0.0177366
0.00982262
1.0009
0.157888
0.0299939
0.0011196
0.990925
0.935694
1.00728
0.945852
-0.0491048
1.01177
0.643303
0.996008
0.00144345
1.05809
0.00234249
0.160203
-0.00435229
0.993908
1.01046
1.05803
0.999747
-0.0188878
0.978792
-0.021814
0.00431563
0.983865
0.00953214
0.999645
0.229071
1.20316
0.00618215
1.00371
1.00397
-0.0233723
-0.00397972
0.920281
0.0147399
1.02976
0.0381683
1.09244
1.09637
-0.0284448
0.994469
0.0422589
0.0123869
1.00155
0.949268
-0.0859554
0.596428
-0.00110062
0.0915595
0.986192
-0.0180138
-0.0236082
-0.0459326
-0.0197383
0.958408
-0.0420544
0.672366
0.960669
0.749492
-0.0225132
0.0142154
-0.0066024
0.270665
1.01553
0.36086
0.986158
0.98225
0.967668
0.989014
1.04825
0.0649626
1.00648
-0.0256244
0.968849
0.816358
0.104722
0.968364
0.987081
-0.0576936
0.0321889
0.560079
0.00364073
1.02023
-0.0112289
0.974827
1.0213
0.498221
0.0604865
-0.0106419
1.1261
0.465554
-0.00173783
-0.00555819
-0.00597739
0.996082
1.00416
1.06468
1.01144
0.919396
-0.0241416
0.988958
0.0348229
-0.296105
-0.00562947
0.972612
-0.137628
0.988107
-0.00261251
0.172925
0.322827
1.00629
0.0309096
1.05051
1.12997
0.924499
1.14746
0.168595
0.992156
0.990039
-0.0109153
0.0495935
-0.0187492
0.330545
-0.178967
0.972288
0.251118
0.957026
0.96806
1.01177
0.124036
0.152896
0.980006
1.00847
-0.00475814
-0.0334126
1.11772
0.127328
-0.0291086
0.0673163
0.930174
-0.00426762
1.01587
-0.00726607
0.992915
0.986291
0.717548
0.0579735
0.994258
-0.0681546
0.0115757
0.352439
-0.0598875
1.017
0.926003
0.238542
0.972
0.999844
0.988632
0.986996
0.684741
0.248117
-0.0132396
0.571627
0.889951
0.98352
1.03075
0.0369213
1.01234
0.020304
0.989467
0.0260105
-0.0213429
0.0867727
1.00769
0.845009
0.894007
0.528057
0.996434
0.990521
0.997367
0.109885
1.01302
-0.00376517
0.0277138
0.995212
0.0676586
0.972911
0.0103021
-0.020395
0.939018
0.533486
0.00791435
0.0241248
0.00598657
1.00176
0.914929
0.148172
0.480237
1.01743
0.988835
0.160593
0.413688
0.0259892
-0.10409
0.329182
0.954512
0.384828
0.17001
1.01156
0.943743
0.0660925
-0.0687492
0.00348317
0.992652
0.0634463
0.632524
0.985471
0.991642
1.01782
0.0112074
0.964898
0.987843
0.0628645
-0.040205
0.216701
0.121699
0.345848
0.000172218
0.986163
-0.0798274
0.200201
0.708128
0.99987
0.0506561
0.00176097
-0.064699
-0.00956383
1.00109
0.990398
0.998255
0.129719
0.97658
0.00951747
0.997755
1.00553
0.00253837
-0.000563879
0.396467
0.0974719
-0.0368437
0.807818
0.0550475
0.885135
0.982162
1.03497
1.00249
0.979498
-0.0283896
0.0656268
0.0490004
1.00161
0.988763
1.00858
0.772985
-0.0302804
0.0269282
0.00622679
0.0249672
1.09316
0.0225297
0.977173
0.194129
0.923522
0.106467
-0.00726703
1.01694
-0.0225221
0.0138169
1.04438
0.855266
-0.0557419
0.924986
0.570322
1.00564
0.0454063
0.968317
-0.00615626
0.977425
0.0145367
0.124099
0.989045
0.986629
0.614779
1.01218
0.12058
0.13747
1.06708
0.993961
0.898143
0.0319651
-0.0132686
1.00576
1.01752
0.205763
0.638629
0.986301
0.0121259
0.00371869
0.941416
0.935266
0.0384659
-0.0424884
0.995865
0.956087
0.942538
0.99472
0.00862101
0.724059
1.00525
-0.0508664
-0.0363583
0.491861
0.152165
-0.00785764
0.94643
0.500405
0.988805
0.00269869
1.02881
0.998371
-0.0404813
0.000355302
-0.0316548
0.126102
0.0381351
-0.0107777
-0.05046
0.12945
-0.0145716
0.86695
1.0206
0.654646
0.0124873
0.169689
1.00352
0.268309
0.994741
-0.235869
-0.0984709
0.920695
0.0211881
1.08963
0.998854
-0.226097
0.987796
-0.0371492
0.975568
0.265675
0.961603
-0.0480948
-0.00397244
-0.140325
-0.113496
0.990027
1.00085
0.989741
0.959617
0.987608
0.017189
0.0782053
-0.0229109
0.98838
-0.0367134
1.00433
0.613786
0.017342
1.02046
1.05266
1.05888
0.977674
-0.000404644
0.180829
1.02125
-0.0038761
-0.0302812
-0.0287252
-0.0372871
0.752374
1.02148
-0.0447943
0.992587
1.01932
0.246592
1.00055
0.688396
0.989911
0.0123068
0.0115238
-0.0260791
-0.00350396
0.471191
0.83289
0.00677964
-0.00229725
0.0311536
1.02332
0.891349
1.04121
0.0102866
0.226927
-0.0527422
-0.0215542
0.960726
0.029807
0.720318
1.00938
-0.0384412
0.214824
1.10967
0.136543
0.95213
0.0138353
0.243704
-0.0141145
-0.229641
1.0125
0.970721
0.867428
1.00133
0.994477
-0.0392176
0.997757
0.00843205
-0.0127957
0.0229785
-0.0123803
0.872747
-0.00897142
0.181422
0.148214
0.466791
0.98783
1.11457
1.0076
-0.0112809
0.00521283
-0.0698147
0.000266559
1.00804
1.01631
0.0994204
0.996574
1.04199
0.0767439
1.00289
1.03571
0.994111
0.0187235
1.01517
0.271692
0.704813
0.531642
0.0128895
-0.0451439
1.04567
0.515361
1.00534
0.0836593
0.13513
-0.0780005
1.0124
-0.011334
-0.0318332
0.209744
0.132414
-0.0268266
1.04007
0.974718
1.01886
1.05805
0.0498743
-0.00428507
-0.0359092
0.998722
-0.0154871
0.0260326
1.00719
0.0294666
0.109579
1.03747
1.02301
-0.0109565
-0.0106893
0.127308
1.14334
-0.0201635
0.852107
0.0128125
0.825952
0.234348
0.99799
1.08914
0.000159539
1.09443
0.361325
0.972076
0.973491
1.01522
0.00270039
0.981379
0.977634
0.0311044
-0.0605782
-0.0416514
0.0240986
0.991794
0.0352987
0.980513
-0.0202207
0.0287503
1.00676
0.0764015
0.139249
0.88485
0.999544
0.0576681
-0.0496333
0.951697
0.997455
-0.0269945
-0.00960644
1.07614
-0.0203615
0.0207834
-0.0228231
0.000613074
1.00157
1.00921
0.972569
0.995264
0.955901
0.929499
0.807062
0.0110474
0.00715947
1.00026
-0.02196
1.00217
0.972519
0.996682
0.668456
-0.049933
0.0683228
0.270181
0.906688
0.961701
0.955682
0.112246
-0.00550738
0.0120366
0.150135
1.04779
-0.0359758
1.07121
-0.0418979
1.10014
0.00877296
0.00495827
0.928672
0.00117974
0.982573
0.00511208
0.707576
1.0362
-0.0262971
0.936942
0.948736
1.00442
0.7197
0.962259
0.0934174
1.01794
1.12369
0.050292
0.992045
-0.00749907
0.899487
0.0109425
0.0882489
0.925112
1.01557
0.139482
0.999585
-0.0228324
0.936297
1.04781
-0.00318723
-0.00324592
0.0668067
-0.00171557
-0.0545152
0.0283642
0.675558
-0.0631321
-0.0477573
0.016791
-0.0192053
-0.00830837
-0.00478252
0.990796
0.0285572
1.00095
0.0570462
0.962426
0.96959
-0.0135098
0.983136
-0.0223332
1.00228
0.101528
0.232646
0.0312678
0.973062
0.989943
0.43007
-0.00362676
0.0313571
-0.0421421
1.04826
-0.00405664
0.990522
1.08372
0.930772
0.00418876
-0.0172838
-0.0113003
0.97626
1.06623
0.826582
1.00713
0.973817
-0.0169103
-0.0139568
1.01052
0.142389
-0.251725
0.949085
-0.00173405
1.05003
-0.00234103
0.264034
1.04832
0.998383
-0.00283006
0.0130252
-0.0322248
0.999017
0.992598
0.599766
-0.00327121
0.984781
0.936292
0.996229
-0.0175737
0.00737477
1.05031
-0.0892283
-0.0464739
-0.00307386
0.663503
0.00184054
1.04152
0.0184938
-0.021616
0.995702
0.995094
1.02477
0.0479935
0.845456
0.0341309
-0.0223206
-0.0175375
0.976803
1.04518
-0.0486022
0.994494
0.932373
0.995836
-0.0257641
-0.0196212
1.06821
0.00420283
0.786688
0.152466
-0.0143229
1.02326
0.556266
0.0307246
-0.0366643
0.0193533
0.69691
1.13963
0.490872
-0.0498866
0.976284
0.825009
1.02118
-0.00949856
0.855639
1.08766
0.633441
-0.00381716
0.645374
1.1134
-0.0252119
0.193273
0.00410914
-0.123663
-0.0718146
-0.0112521
0.489631
1.00622
0.374032
-0.0282541
-0.0543701
0.942316
0.0510635
0.997418
1.0046
0.195539
0.907778
-0.00644966
-0.0289229
0.126114
-0.00161452
1.01249
0.998902
1.02997
0.987987
1.01735
-0.0267771
0.954998
0.244689
0.997645
-0.0100969
0.0450642
0.00402538
0.00440389
-0.031088
-0.0196915
0.0430177
1.06769
-0.0963794
0.862184
1.21877
1.02352
0.00565331
0.0599599
0.859604
0.0874613
1.032
-0.00762712
1.02677
-0.0327824
1.00844
-0.0379168
0.992731
0.400736
0.939369
0.330999
-0.0280594
1.00566
1.00039
0.0250185
0.963244
1.01003
0.949814
0.170682
0.920808
-0.0240167
1.00148
0.900291
-0.0168334
1.06747
0.894628
0.991659
0.0145953
0.126193
0.998654
0.0335175
1.03944
-0.11976
0.125205
-0.034546
0.959823
0.726514
1.00275
0.972232
0.281876
0.00238776
0.888948
0.113147
0.0333481
0.980597
0.959867
1.00951
0.00854467
-0.112168
1.18314
0.0653501
0.87015
-0.000949166
-0.125445
1.13665
0.982192
-0.019507
-0.0109633
