1499.81
1265.04
1072.58
912.908
786.648
676.089
594.371
511.48
448.322
410.35
358.385
323.606
287.561
274.053
258.07
234.019
226.992
211.683
194.305
186.176
181.935
168.172
158.747
137.524
144.745
137.334
153.258
127.607
117.355
124.049
121.806
117.842
124.121
107.485
107.46
110.859
98.0162
96.5678
94.3226
100.019
97.3062
87.2262
97.7194
101.678
94.1698
92.1989
87.0126
85.8551
77.465
76.964
83.0898
85.7682
82.7969
77.146
78.3709
79.2791
79.8036
81.2209
80.0517
74.8277
75.1148
65.6594
71.6423
68.6328
68.893
63.9721
68.2793
68.7653
70.1913
67.5575
67.1813
64.5606
65.3798
68.4404
70.6957
62.853
58.4549
57.37
59.0247
60.6842
62.391
59.9072
61.7084
53.5649
57.2361
55.7698
59.5211
54.93
55.3468
59.3534
50.8353
51.7246
50.1582
54.3005
51.0307
53.6751
54.0573
47.7333
54.6219
48.1876
45.4686
46.5655
46.86
54.4822
51.5149
48.578
43.9264
47.6384
47.2303
53.1859
46.6592
46.9472
45.6349
48.0963
47.2201
47.6864
44.2696
46.9957
41.957
39.4363
41.2857
45.2362
40.9851
45.2485
42.5621
39.7944
39.8088
37.3556
41.1076
40.5398
42.5574
37.2828
37.9449
38.5522
37.3541
36.0313
37.8463
37.2238
32.3683
35.6073
36.9542
36.7609
34.6391
36.6931
34.5188
35.7147
37.4746
36.2808
35.6127
35.049
34.542
35.1166
34.9753
35.0026
36.5267
36.776
33.843
31.0545
34.4905
32.1062
34.1223
32.9197
32.3629
29.9459
32.6773
34.8602
33.3325
32.6435
29.1037
30.7646
31.6194
27.6021
32.5438
30.9368
29.3438
30.351
27.7344
27.671
28.2022
26.4524
28.2098
27.1469
29.9713
29.5072
28.507
27.9736
25.5328
25.6315
26.3091
26.8653
27.0772
24.7974
25.6022
25.3441
24.311
26.355
24.6407
24.163
23.4547
25.0917
