0.952416
0.965398
0.97352
0.97487
0.97654
0.97755
0.978918
0.980004
0.981356
0.981984
0.982882
0.98323
0.983936
0.984316
0.985072
0.98544
0.985726
0.985598
0.98526
0.985988
0.986416
0.987006
0.98711
0.987698
0.987458
0.987922
0.98811
0.988098
0.988644
0.988804
0.989252
0.989304
0.989236
0.989416
0.98909
0.989148
0.988416
0.987912
0.98802
0.988104
0.98818
0.98826
0.9879
0.988016
0.988852
0.98888
0.989004
0.989036
0.989028
0.989072
0.988952
0.988932
0.988956
0.989216
0.989356
0.989444
0.989416
0.9894
0.989764
0.989836
0.98982
0.989912
0.990512
0.9902
0.990264
0.990288
0.990436
0.99046
0.990412
0.9904
0.990492
0.990472
0.990396
0.99046
0.99046
0.990704
0.990716
0.990732
0.99078
0.99084
0.99082
0.990884
0.990304
0.99032
0.990328
0.990292
0.990256
0.990236
0.990272
0.9903
0.990204
0.990236
0.990304
0.990312
0.990316
0.990316
0.990348
0.990376
0.9905
0.990508
0.99076
0.990776
0.990728
0.9907
0.990716
0.990792
0.990832
0.990824
0.990632
0.990596
0.990628
0.990664
0.990668
0.990624
0.990648
0.990612
0.990636
0.990616
0.99068
0.990648
0.990708
0.990696
0.990688
0.990684
0.990692
0.99072
0.990692
0.99068
0.99068
0.990636
0.990692
0.990756
0.990744
0.990668
0.990708
0.990688
0.990724
0.99078
0.990788
0.990788
0.990764
0.990728
0.990772
0.99082
0.990844
0.990844
0.990828
0.990812
0.990816
0.990812
0.990804
0.990872
0.990836
0.990848
0.990808
0.990804
0.990832
0.99084
0.99084
0.990904
0.99092
0.990992
0.990988
0.99104
0.990904
0.990888
0.990888
0.990904
0.990924
0.990944
0.990924
0.990952
0.991012
0.991044
0.991052
0.990996
0.991
0.991004
0.99096
0.99092
0.991012
0.991004
0.990964
0.99098
0.99096
0.990944
0.990904
0.990924
0.990912
0.990904
0.990924
0.990896
0.990872
0.990844
0.990844
0.991012
0.991024
0.99104
0.99102
0.990996
