1499.81
1257.44
1059.64
902.88
777.914
672.05
592.339
513.965
452.139
410.74
361.455
325.873
289.212
288.289
265.091
247.443
226.022
217.907
195.08
187.334
191.442
168.879
160.495
143.726
156.336
143.198
168.199
138.246
131.461
134.283
131.03
130.231
135.258
117.092
118.465
119.765
114.045
110.956
103.606
110.678
98.2195
96.0094
102.885
112.724
104.506
103.65
98.7855
97.8786
87.8805
86.2739
93.7327
93.6867
93.28
88.1119
83.8675
90.3578
86.7607
87.5917
88.776
86.4209
80.4134
73.1548
83.1862
80.0704
72.9232
70.5458
78.7286
79.655
73.5721
77.737
79.4852
76.4313
69.3739
74.4639
79.5368
71.3492
68.9787
69.076
66.3061
70.2436
69.9289
69.9934
72.6421
56.829
67.818
64.7534
66.5085
61.7704
65.5413
62.9154
58.9189
60.9356
58.8988
63.7846
56.6729
59.302
64.1094
57.351
61.7684
54.8415
54.5317
57.2763
55.7513
64.0227
60.9328
57.373
53.1891
53.8701
54.4197
60.4213
50.6521
51.4684
51.163
53.6511
54.8397
52.9078
50.4991
51.5394
49.7884
43.0645
44.625
48.8129
47.6738
49.1394
46.5756
44.975
40.9216
40.1838
44.8291
45.1098
46.4137
39.6061
40.7865
40.785
40.8277
38.7428
41.2514
42.0343
36.6154
39.6539
43.8197
41.2812
39.9372
40.8305
36.9168
36.4172
38.3062
36.4335
38.9044
39.721
37.389
36.7143
35.9339
35.6185
40.336
38.5538
38.365
35.0284
37.4523
35.2028
36.5373
38.9628
34.2427
31.1928
37.097
36.6786
33.2302
36.172
35.5719
31.9164
33.3822
28.7915
35.9927
33.8088
30.5202
34.8171
30.5857
30.1536
29.5484
28.8475
31.4333
30.4824
30.3944
32.1128
30.6241
30.5824
30.9117
27.2542
29.2677
28.9192
29.4598
29.5973
27.4482
26.9349
26.2287
28.976
26.9603
27.1479
26.3795
26.7518
