0.237442
0.965133
0.0131467
0.993631
0.989289
0.00417717
-0.0297356
-0.017902
-0.00749314
0.0117794
1.08893
0.940429
-0.0172675
1.03159
0.23194
0.797492
1.08867
0.993693
0.950285
0.979087
0.027889
0.925411
0.984765
1.00626
1.00321
0.0290648
1.02108
0.983194
0.185648
0.291978
1.28397
0.749061
-0.053325
1.0115
0.982629
1.03457
0.130236
1.00081
-0.0270237
0.204638
1.07087
-0.0101866
0.940722
0.982908
0.283724
0.0406007
0.955476
0.0203793
0.994699
-0.11193
0.0429594
-0.0453177
-0.0185991
-0.0176901
0.981937
1.00838
0.0834791
0.0392494
0.777416
0.977227
0.99081
0.00647269
-0.00947265
0.998707
0.0881341
-0.00892699
0.99794
1.01896
0.977273
0.981789
-0.0106994
0.0324258
0.0493736
0.992085
0.815336
0.917271
0.00078844
0.262607
0.98213
0.990035
0.119553
1.05547
0.692586
0.964106
0.446198
0.989392
-0.14688
1.00485
-0.0171581
1.01989
0.980596
0.793362
0.0617556
0.0324116
0.96647
-0.00313343
0.993206
-0.0150303
0.44576
0.988785
0.0721008
-0.140311
0.85888
0.850016
0.998808
1.03877
-0.0344582
1.02627
1.06005
0.0682082
0.431899
-0.162675
1.09774
0.0119234
1.18136
0.930075
-0.100109
0.0665858
0.00612113
0.996582
-0.0348153
1.00522
0.0819346
1.02698
-0.0774345
-0.00519978
1.00502
0.0977881
-0.0298879
0.261138
-0.0142309
0.0662256
0.0453823
0.947939
0.0659997
1.02398
1.00958
1.00028
-0.00718475
1.01767
1.00942
0.917203
0.0675277
0.885088
0.906101
0.744624
-0.0256604
0.991034
0.985925
-0.0129847
0.97883
0.0767588
1.04668
0.980592
1.10975
-0.0268564
1.01562
-0.0112334
0.869671
-0.0562959
0.980727
-0.0176967
1.0211
0.0446838
0.547928
-0.0155683
-0.00828475
-0.010572
1.0087
0.99681
0.942654
0.758026
-0.0292701
0.290352
0.985187
0.986909
0.98633
0.693196
0.990375
0.020875
0.0217202
0.9964
0.1942
-0.206073
-0.0555586
0.829452
0.897684
0.969789
0.994096
-0.00856039
0.962689
0.55092
0.976299
-0.0276075
1.00252
-0.0584931
-0.00554761
-0.0152152
0.976812
0.995564
0.969265
0.983472
-0.027871
0.978479
0.199755
-0.0332865
1.00869
-0.0190089
1.04387
0.0785024
0.851299
0.0226051
0.993187
1.00462
-0.117539
0.0338208
1.10127
0.000735968
1.00751
0.00962451
1.24492
1.04755
-0.032441
0.97986
0.00314724
-0.00298744
0.976584
0.927653
-0.0417078
0.477964
-0.00197182
0.148804
1.03366
-0.243931
0.00449982
-0.0482851
-0.0689161
0.852042
-0.0174548
0.676491
0.735679
0.120458
-0.0054411
-0.0310645
-0.0329191
0.551499
1.01539
0.0380701
0.994413
0.9796
0.9657
1.01659
0.982752
-0.0851451
0.837906
-0.00631094
0.980126
0.988885
0.0640809
0.977139
0.997415
-0.0061581
0.00971348
0.746296
-0.0186616
1.00808
0.0509852
1.05661
0.994228
0.378299
-0.0165717
0.00602483
0.979025
0.540366
0.0163768
-0.0321023
-0.00738331
1.06842
0.989267
1.0814
1.02161
1.1199
-0.0117204
1.14039
-0.107334
-0.10787
0.0100029
0.976198
0.00776354
0.983613
-0.0120437
-0.146045
0.30655
1.0054
-0.0211182
0.991912
0.95506
0.967312
1.05724
0.227587
0.998144
0.982591
0.0152834
0.0994545
-0.0192207
0.0956045
0.0079824
0.967081
0.332218
0.771754
1.02301
1.0109
-0.00711974
0.00446293
0.981049
1.00414
-0.00304794
-0.0419728
1.01054
0.123531
0.0302001
-0.0684231
1.01936
0.0349268
1.02471
-0.0233051
1.11673
0.997284
0.0973937
0.00535734
0.902966
-0.0450252
0.0195381
0.889207
0.0119933
0.994572
1.00276
0.445758
0.962397
1.00036
0.987206
1.02656
0.668058
0.123644
-0.0174554
0.501513
1.16444
0.969273
1.12131
0.0463484
0.942983
-0.0113974
0.961434
-0.00358353
0.0201544
0.0284898
0.977446
1.07165
0.844511
0.561975
0.984128
1.00511
0.998282
0.297239
0.969877
-0.0180695
0.0742443
1.00703
0.0369421
1.03531
-0.142748
0.00720786
0.889015
0.403294
0.0825488
0.0322898
0.00555041
0.995761
0.994588
-0.0204621
0.659138
0.99198
0.957118
0.155902
0.522129
0.0237973
0.024368
0.158105
1.01333
0.658885
0.256105
0.996466
0.957421
0.00802325
-0.00403208
-0.0182726
0.990576
0.0273295
0.701194
1.00866
1.00131
0.994379
0.0178666
0.899278
0.974594
0.412279
-0.0343757
0.147384
-0.155516
0.33648
-0.0489696
0.974814
-0.0348545
0.00728586
0.713142
1.00308
0.171552
-0.0298389
-0.0871321
0.0011457
0.980541
0.871621
1.00447
0.0489389
0.982916
0.000791764
1.01157
1.00139
0.00529974
0.0466596
0.617083
-0.0872601
0.00256204
1.02462
-0.175157
1.03472
0.97096
1.0099
1.00247
1.01052
-0.1739
0.135727
-0.0267021
1.02475
0.998472
0.944709
0.520205
-0.0234474
-0.0186177
-0.0624509
0.0218751
1.17223
0.0656943
1.0349
0.0492239
1.04544
0.370321
0.00813637
1.00519
-0.0238493
0.0136433
1.08019
0.917651
-0.0543369
0.934736
0.533854
1.09593
0.0726264
0.968716
-0.0266564
0.951828
-0.0252748
0.0833897
1.18055
1.04425
0.885907
0.991974
0.156179
0.0834898
1.05248
0.979321
0.766975
-0.139274
0.0024384
0.995349
0.994727
0.228495
0.758743
0.982877
0.0360921
-0.0674324
1.01056
0.783876
0.0364841
-0.0151077
0.973461
0.85803
0.956525
0.988578
0.0893721
0.465228
1.00014
0.0222539
0.0444441
0.541201
0.0874683
0.000144478
0.96185
0.432504
0.994815
0.177257
1.03275
0.96145
-0.0367865
-0.02424
0.00165012
0.0865541
-0.149202
0.00140855
-0.0175518
0.0201525
0.0422749
0.99374
1.01275
0.603685
-0.0263851
0.125908
0.953781
0.735805
1.05444
0.0595103
0.0546448
0.855524
-0.00799157
0.663898
0.977332
0.0612315
1.00608
-0.0483187
0.912034
0.144784
0.990395
0.0355157
0.00752678
-0.0294472
-0.0803535
0.987099
1.02262
0.98741
0.979883
0.97016
0.0594511
0.00922861
0.153278
0.996758
-0.0521443
1.00986
0.619736
0.0121479
1.07422
0.985223
1.00138
0.983513
-0.0252706
0.0290213
0.994487
-0.122704
-0.0147144
-0.00116887
-0.0132462
1.02155
0.779915
0.0405134
0.955547
0.993767
0.249953
0.992746
0.804801
0.959548
-0.0515173
-0.0356865
-0.0306891
-0.0918604
0.622491
0.986812
-0.0233336
0.0137354
-0.00197086
1.02441
0.978398
1.06326
-0.017812
0.228518
0.0434738
0.0688987
0.932548
-0.0524677
0.453694
0.968633
-0.0519822
0.214827
0.931388
0.0717902
0.119596
0.0457721
0.166798
-0.00746441
-0.214169
0.887616
0.993317
0.933262
0.977496
1.01961
-0.101131
1.033
-0.0296646
-0.0214952
-0.31152
-0.0278406
0.832418
0.00949889
-0.017892
-0.0324436
0.573565
0.998218
1.16688
0.992126
0.10469
-0.0220165
-0.372721
0.286745
1.0152
1.15489
0.0339611
0.999624
0.988921
-0.027824
1.08309
0.999833
1.01108
0.0661128
1.02152
0.302042
0.842795
0.535781
0.0261547
-0.0118517
0.965059
-0.0629729
0.951651
0.034553
0.11171
-0.193138
0.978518
-0.0267353
-0.00592894
-0.00808238
0.0250492
0.0140232
1.01187
1.02723
0.98904
1.02627
0.107179
-0.0311617
-0.0596188
0.971941
-0.00981893
0.11621
0.989284
-0.0102479
0.0914607
1.04007
1.02373
0.0362081
0.0796191
0.252254
0.982875
0.222635
0.869824
-0.0759385
0.925112
0.10783
0.970423
1.16565
-0.00671961
1.06052
0.254485
1.09463
1.17848
1.04585
-0.0309343
1.00826
0.986755
-0.0940134
-0.0134965
0.0122132
-0.00605154
0.976628
0.178009
0.991172
0.0360902
-0.0163332
0.984929
0.0233897
0.0787943
0.70976
0.985071
0.0123892
0.0861222
0.984426
0.997814
0.0675129
-0.168707
1.0078
-0.0745181
0.0962248
0.00961589
0.0668968
1.00159
1.00253
0.999196
0.993597
1.00661
0.965229
0.654556
0.0106816
0.0602318
0.989533
0.00651525
1.0438
1.01572
1.00529
0.511762
-0.09028
0.0696322
0.421308
0.990959
0.987662
0.970132
-0.00920414
-0.0313002
0.0355433
0.155847
0.989803
-0.0173273
1.13652
-0.013799
1.09884
0.0146896
0.0257819
0.94859
-0.0260731
0.978507
-0.0483341
1.00876
0.999947
0.0441269
1.04185
0.977986
0.94337
0.603185
0.913841
0.0705001
0.998234
0.960447
0.0027545
1.03524
0.0079517
0.434347
-0.052601
0.0545947
0.846767
1.01044
0.180339
1.00288
0.0388234
0.725004
1.00102
-0.0129407
0.0229949
0.07065
-0.102352
-0.0353006
0.0926801
0.333375
-0.0376264
0.0206247
-0.0662771
0.0823973
0.0258638
-0.0593015
0.984583
-0.0575544
1.01449
-0.042454
0.958097
0.971854
-0.0400929
0.997897
0.12318
0.951363
0.0341061
0.381226
-0.0270852
0.955442
0.993292
0.508863
0.0314092
0.0643645
0.0105867
1.00494
0.0342526
0.952361
0.971151
1.02417
0.0136521
-0.0410565
0.0126512
0.998791
1.16397
0.751638
1.00895
0.980265
-0.000515036
0.112913
1.01707
-0.0778676
0.0970258
1.01631
-0.0124085
1.02639
0.0111921
0.384981
1.08417
1.03099
-0.0330399
-0.0159741
-0.060244
0.998886
0.980215
0.350979
0.031029
0.973832
1.17509
1.04356
0.0933968
-0.0832749
0.601066
0.000850868
-0.17032
-0.00533433
0.568614
-0.1693
0.994998
-0.0272103
-0.0178711
0.961227
0.998007
1.04186
0.16842
0.935195
0.123514
0.0268328
0.00384818
0.811232
1.01726
-0.00709947
0.941416
1.06992
0.996624
0.0232377
-0.0364471
0.962246
-0.0302416
1.30653
-0.0467457
0.000966123
1.14781
0.715137
0.00740019
-0.0961628
0.0805909
0.954087
0.880885
0.324715
-0.0516794
0.959123
0.631611
1.02459
-0.010754
0.783907
1.2596
0.615895
-0.0606897
0.347088
0.974586
-0.0275437
0.0435223
-0.026667
-0.0382409
0.020209
-0.00946406
-0.068727
0.981727
0.668201
-0.061119
0.151337
0.829123
0.500814
0.928703
1.02078
0.292023
0.963647
0.0124816
-0.0287053
0.124257
0.00251879
0.998068
0.938941
1.11221
0.98806
1.24477
-0.0391431
1.0156
0.509143
0.970449
-0.12182
-0.0387312
0.0779548
0.0220468
-0.0105659
-0.0132459
0.0753146
1.12864
-0.133378
0.983452
1.03292
1.09792
-0.0246004
-0.0292994
0.4774
0.0199701
0.900286
-0.0200854
1.03097
0.121553
1.06187
-9.58147e-05
0.997759
0.851052
1.13203
0.304524
-0.00212726
1.02023
1.02743
0.160793
0.962946
0.995196
1.03941
-0.0354202
1.07756
-0.0230401
0.744514
0.989235
-0.000339703
1.0507
1.02193
1.01416
0.144625
0.0472619
0.968709
-0.142789
0.966982
-0.00582992
0.00887305
-0.0562375
0.95599
0.763816
0.991362
0.999199
0.386026
0.00584151
0.946077
-0.0418911
0.290828
1.02583
0.996348
1.01462
-0.0433433
0.000325086
1.01063
0.00408275
0.93195
-0.021993
-0.01729
1.33662
1.03122
-0.0113016
-0.00140564
