0.482649
1.0248
-0.112328
1.03211
1.00919
-0.0365864
-0.0319416
-0.00652016
-0.0225807
-0.0809269
1.09107
0.949565
0.26673
1.01487
0.198
1.00187
1.06336
0.992782
1.06439
1.0125
0.00151744
0.957547
0.989103
1.01773
1.105
0.00509854
1.00653
0.993211
0.00096182
0.748818
0.828718
0.48646
0.0824789
0.937449
0.914195
0.947181
0.306999
0.997102
0.212882
-0.016032
1.00918
0.00685542
0.967363
1.01921
-0.0695947
0.0958065
0.995957
0.0746491
0.977591
-0.0243951
-0.0159598
-0.0439289
-0.0207077
-0.00492342
1.08039
0.997494
0.111726
0.0384076
0.70789
0.909276
1.0441
-0.0250656
-0.0274817
1.02049
-0.0971548
0.112757
1.00656
0.957465
1.02545
0.836213
-0.0955298
0.320898
0.0570146
1.00264
0.726939
0.987126
0.225073
-0.209926
0.933788
1.02538
0.00443761
0.98541
0.402349
1.01947
0.301256
1.07698
0.00713274
0.911397
-0.104483
0.969552
0.9504
0.894485
0.0424616
-0.0467465
0.963068
0.0303394
1.00273
-0.0190212
0.407865
0.999381
0.0284522
0.0352122
0.498283
1.02089
0.984971
1.13889
0.0589072
0.875789
1.1102
-0.0199981
0.640069
-0.146774
0.466204
0.12396
0.89944
0.993804
0.0156734
-0.0249209
0.0208108
1.03623
-0.0712413
0.946095
0.343944
0.761193
-0.0433524
0.119436
1.0157
0.0562002
0.0236966
0.397654
0.0819645
0.0424306
0.0265148
0.920504
0.052827
1.0306
0.93279
1.02859
-0.0235093
0.899779
0.996487
0.806302
-0.14915
0.920378
0.806453
0.986882
0.170481
1.03527
0.995764
-0.0239101
0.93857
0.0678061
1.03482
0.977904
1.11683
-0.0476387
0.949842
-0.00570255
1.06558
-0.0616591
0.991661
0.00211931
1.00217
-0.150492
0.460663
-0.000140364
-0.0731147
-0.0517794
1.00879
1.04237
1.05294
0.998655
-0.0637543
-0.130094
1.07176
1.0179
1.04222
0.669456
1.01804
0.00284402
0.132706
1.04642
0.16428
0.00700609
-0.0359429
1.0117
0.763265
1.05913
1.00696
0.269513
1.0105
0.566558
1.03478
-0.00632249
0.938485
0.0626349
0.0540754
-0.163874
1.00467
0.947928
0.879101
0.950881
0.153781
1.07695
0.0771427
-0.0132884
0.971339
-0.0198741
1.03239
-0.0631892
1.11476
-0.00159114
0.986004
1.00216
-0.0226884
0.0331248
1.01872
0.0843406
1.01223
0.115984
0.961805
0.70289
0.0524676
0.970049
-0.02851
-0.0297369
1.0011
0.767381
0.0143781
0.414059
0.0147366
0.00747975
1.06539
0.0106123
0.067428
0.127324
0.103114
0.972651
-0.0766457
0.944658
1.14667
0.251704
0.00832093
-0.00739538
-0.0200389
0.56243
0.838315
0.123162
1.06102
1.02006
0.976313
1.02225
0.991016
0.1246
1.0071
0.0673657
0.923634
0.922187
-0.0449267
0.871496
0.9936
0.144995
-0.0553946
0.911985
0.0741789
1.05308
0.0619872
1.09754
0.999816
0.215748
0.0615629
-0.0278535
0.886237
0.946053
0.0455007
-0.0304905
0.0635532
1.03647
0.989047
1.06938
0.805883
0.811532
0.00801948
0.982839
-0.063397
-0.155382
-0.0239667
0.915823
-0.037279
0.998684
0.0229465
-0.0257489
0.284339
1.07126
0.0138239
0.981289
1.00285
0.497666
0.989975
0.415554
1.0732
1.00193
-0.0256132
-0.00618131
0.00462803
-0.032585
0.0396285
0.836113
0.601498
0.824916
1.00093
1.04267
0.106368
-0.0217405
0.879222
1.042
0.0791216
0.0484828
1.06198
0.0598899
0.0200349
-0.0645533
0.995669
0.166263
0.903514
-0.00381861
0.930906
0.979055
-0.141441
0.161986
1.03976
0.077099
-0.0185662
0.854513
-0.0141414
1.0016
0.991603
0.459147
0.907785
1.01192
0.967381
1.06475
0.333226
-0.0218248
-0.00254487
0.690979
1.0664
0.991054
1.07744
-0.00168538
0.960233
-0.0425311
1.01477
0.00960558
0.0344057
0.12632
0.987494
1.06853
0.94136
0.491992
1.14926
0.994325
1.08666
0.272869
1.07592
-0.0153706
0.102379
1.18762
0.0879724
0.939071
0.142791
-0.0333489
0.611545
0.592696
0.101421
-0.00924751
-0.00482005
0.999344
1.04396
0.0291954
0.545415
1.02968
0.982429
0.0985385
0.643127
0.0186876
-0.0314791
0.418453
0.768599
1.01936
0.132883
0.900046
0.992713
-0.0249076
-0.118781
0.0819534
1.03934
-0.0144613
0.567318
0.998235
1.00111
1.01962
-0.0110068
0.999213
0.871384
0.361982
-0.00431704
0.729701
-0.221563
0.160578
0.0736868
1.00757
0.0562403
-0.0139732
0.0605819
1.00594
0.526375
-0.028941
0.0539498
0.0209015
0.984844
1.07272
1.01718
0.0475969
0.824872
-0.0429503
1.01056
0.945274
0.0116208
-0.113559
0.294348
0.195199
-0.0309261
0.86679
0.0195833
1.07696
0.995573
1.00371
0.972438
1.00299
-0.0731676
0.110721
0.013461
1.02392
1.00636
1.01175
0.949139
0.037575
0.0487948
-0.0160346
-0.0276073
0.992557
0.127385
0.859463
0.432936
0.971808
0.0547706
0.0257245
0.997884
-0.00690576
-0.0510823
1.05436
0.683739
-0.0499088
0.940601
0.684077
0.991056
-0.0366964
0.987059
0.00826203
0.786582
-0.00513931
-0.0306048
1.02294
1.07433
0.973074
1.00735
0.0587663
0.0119129
0.894837
0.978282
0.821973
-0.156687
-0.0132044
1.0035
0.845559
0.124163
0.571463
1.00614
-0.00290491
0.032988
0.679845
0.602225
0.0189092
-0.00378319
0.999164
0.589535
0.981878
0.873929
-0.0432217
0.525442
1.02124
0.109662
-0.0491918
0.466292
-0.0280558
0.0246101
0.938759
0.276239
0.948011
0.0151985
0.969172
1.0775
-0.064566
0.0605244
0.0161144
-0.0318981
-0.0462787
-0.0648221
-0.00588375
0.271745
0.0108617
0.625911
0.987063
0.5429
-0.00637536
0.0775932
1.0113
0.624453
1.00622
-0.0177496
-0.0566368
0.973087
0.244125
0.798984
0.943908
-0.00685545
1.01061
-0.0560757
1.03166
-0.124877
1.04083
-0.00409359
-0.0041671
-0.172113
-0.00971818
1.0197
1.03375
0.975368
0.989686
1.00197
0.15753
-0.0235937
0.00828875
0.883054
-0.0548244
0.980534
0.940767
0.0193987
1.01757
0.92146
1.00225
1.00843
0.00678326
0.119958
0.660983
-0.00198341
0.0766283
-0.0741603
0.0392738
1.03172
0.911095
-0.11942
1.00406
1.03446
0.335851
0.957601
0.114465
0.935095
-0.0347963
-0.247243
0.000163967
0.00635772
0.501187
0.937772
-0.0460626
-0.090678
-0.0396105
1.11809
1.03216
0.971469
0.0932515
-0.10375
-0.0694339
-0.0363291
0.885843
-0.0180389
0.874258
0.988416
0.0400934
0.518822
1.01699
-0.0607349
0.912359
0.0172081
0.00937172
0.0214186
0.447566
1.04204
0.958871
0.467362
0.99799
1.04964
0.05302
0.993097
-0.0268726
-0.0227633
0.79056
-0.0433857
0.685716
0.0991956
0.35749
0.0530368
0.226722
1.05527
0.906894
0.983092
-0.0207652
-0.121935
0.0303636
0.0528741
1.01931
0.861991
0.192702
1.0145
1.01899
0.104244
1.11892
1.0577
0.964731
0.112753
1.00436
0.216138
0.46921
0.595354
0.0224024
0.0532581
1.14814
0.324164
0.998705
-0.117075
0.0301969
-0.064942
0.875516
0.0265429
0.0166116
0.0964761
-0.0554023
-0.000484082
1.05471
1.01617
1.01074
0.925421
-0.105608
0.086209
-0.117131
1.00696
-0.0472591
0.157095
1.01084
0.0239105
0.379972
1.05283
0.944
0.0262691
-0.0213011
-0.0191331
1.03245
0.0699341
1.07475
0.0138237
0.906792
0.0794779
1.00768
1.02368
-0.0422839
1.09403
0.333833
1.06115
1.09097
1.00892
-0.0722822
1.01603
1.00721
0.108923
-0.0153087
0.0252849
0.0321617
0.98754
0.0406336
0.991133
0.00737953
0.0103241
1.03829
-0.0137397
0.0651845
0.769976
0.95853
0.0630349
0.0385883
0.968185
0.997695
0.0321352
0.205053
0.94977
0.0622533
0.0429367
-0.0348046
0.0237678
1.01353
1.02133
1.0299
0.980166
1.04257
1.00739
0.909197
-0.0656128
0.162298
0.888655
-0.0433464
1.00082
1.00247
1.01081
0.935148
-0.0832236
0.000496261
0.092145
1.01236
1.05067
1.04022
0.00192265
-0.0333328
0.00807522
0.0574716
1.02568
0.177287
0.892136
0.0175972
1.03657
-0.0701902
0.0070946
0.976964
0.0332905
0.99449
0.00310138
0.779973
1.06403
-0.0623834
1.0431
0.479174
0.945949
0.490509
0.942491
0.228595
1.03429
1.10486
-0.0567967
0.957141
-0.0106999
0.376759
0.0112483
0.100615
0.816949
1.01563
-0.0350665
1.00925
0.00460681
0.989466
1.03476
-0.0344483
0.00663639
0.312874
0.0617228
-0.156038
0.00602025
0.71458
-0.00571517
0.0208644
0.0779814
0.148729
0.0622702
-0.015402
0.990288
-0.32878
1.08802
0.0808909
0.910298
0.925982
0.0192134
0.819805
-0.00284622
0.776279
-0.0767764
-0.0851081
-0.0590588
0.968994
1.02031
0.953943
0.08377
0.125828
-0.151159
1.00696
0.333504
0.984618
1.07061
0.986114
0.0548318
0.0362644
0.00451094
0.910014
0.67762
0.406489
0.99074
1.00009
0.11176
0.0234364
1.01391
0.0286555
0.185301
0.991471
-0.0665828
1.03809
0.00103934
0.844273
0.941236
0.934592
0.0162245
0.0189794
0.0657871
0.998471
1.03541
0.180174
-0.0508152
0.920071
0.675336
0.918154
0.207654
-0.00234305
1.05858
-0.00486726
0.0364313
0.0244924
0.513836
-0.0343783
0.989504
-0.0350932
-0.0619978
0.913964
1.01649
1.11379
0.0395515
0.93064
-0.0222563
-0.048449
0.022554
0.68709
1.04404
0.0113999
0.99631
0.96592
0.907217
-0.0580838
0.00443066
1.00747
0.00131251
0.902445
0.0950272
-0.0360508
0.944231
0.120034
-0.0128128
-0.0228459
0.191436
0.904023
0.800388
0.434756
-0.00408171
0.998808
1.0165
1.04187
0.0535647
0.438588
1.17966
0.429181
-0.0831787
0.765342
0.803606
0.0226506
0.0497621
-0.0631263
0.0726767
0.0216203
0.0839768
0.351571
1.02782
0.382742
0.0336696
0.0499396
0.842104
0.0422528
0.93113
0.971429
0.84541
1.01484
-0.00169771
-0.01327
0.0903518
-0.000299622
0.983658
1.05608
1.11647
0.89482
1.05696
-0.105721
0.98008
0.329717
0.981008
0.230723
0.0788993
0.00580955
-0.00714919
0.0192481
-0.014168
-0.0397379
0.987941
-0.0884825
0.982033
1.00106
1.04038
-0.00600047
-0.0102105
0.60536
0.275045
0.982534
0.0263949
0.949816
0.174518
0.957594
0.0663885
1.01206
0.38233
0.470537
0.45253
0.00480391
1.02253
0.933738
-0.00860726
1.01953
1.00876
0.945146
0.0708043
1.05064
-0.133463
1.00131
0.905735
0.00231259
1.07213
1.04741
1.07194
0.020423
0.241599
1.01027
-0.597861
0.997056
-0.0185986
-0.0359335
-0.0125567
0.937301
0.567276
1.00168
1.04681
0.838231
0.128679
0.841802
0.180502
0.138409
1.02037
0.92798
1.02332
0.45336
-0.0447619
1.00568
0.0434345
0.964079
0.0263855
0.107223
0.34389
1.04712
-0.0122205
-0.0267505
