65342762
100820916
134813354
168962386
201168422
235528940
268300585
300195505
307480376
315061758
322444513
329420142
337108297
344939080
352108524
359695234
367068154
374270101
381865668
389334306
397167076
404724552
411972565
418819081
425871204
433008545
439780466
446795534
453063386
459524927
466153696
472849284
480456752
487304217
494249257
501180233
508158406
515585741
523217326
530672599
537731625
544703056
551816839
559114771
566799502
574217838
581714754
589086700
596467138
604213643
611349463
619440216
627617062
635575361
643760294
652169906
659307120
666530516
673425337
681211663
688298333
696055937
703211679
711359292
718588665
726017698
734154737
741104610
747577126
755173003
762113207
768873859
776679017
784718012
791859189
799395303
807734708
814161373
821460687
828535462
835939180
842972528
850739389
857413470
864452912
871549881
878584317
886012196
892673777
900568096
907797376
915202129
922251207
929354830
937418322
944622729
953127653
960945222
968527572
976001340
983530214
991776162
999367282
1007270145
1014438082
1022464652
1029551252
1036398145
1043573087
1050482115
1057449095
1064970654
1072045535
1079600252
1086866378
1093871223
1101034841
1108002866
1115116047
1122679100
1130064205
1137259704
1144034101
1151542638
1158650298
1166032982
1173142836
1180545772
1187661582
1195740373
1202701585
1209862496
1217456297
1224273779
1231124076
1238270514
1245270192
1252560606
1259711524
1266523465
1274203798
1281427508
1289265695
1296464044
1303871446
1311046164
1319113843
1326519904
1334868268
1343798337
1351212266
1358606640
1366272468
1374885468
1382636572
1390685091
1397430852
1405101573
1411594090
1419106246
1426238642
1432690191
1440371834
1447882094
1455487919
1462114635
1470039970
1476872605
1483695424
1490271131
1497879873
1505753370
1513100766
1520333966
1527047351
1533942766
1541060482
1547916560
1555533942
1562736280
1570653919
1578098084
1585768393
1592978090
1599541212
1607468127
1615190210
1623204199
1631083736
1638462421
1645290050
1652761381
1659633602
1666792762
1674368885
1681222530
1687930005
1694865300
1701625981
1708034216
