63866871
95518089
102612384
109941630
116913647
123696848
131005141
137841294
145947117
153269303
160414201
166846747
173426906
180333733
187500075
195279213
202968854
209980642
216980726
224024948
230787065
237417502
244357116
251193680
257876025
264619570
271378041
278040528
285024256
292006105
298722513
305660023
312042762
318768132
325832990
332649608
339292495
346315353
353118348
360704200
367953995
374712282
381932287
388720090
395851313
402477661
409909161
417010978
424715589
432087038
439475325
447677222
455236030
463171336
470786944
477973759
484441156
491251545
499069309
506137610
513600578
521318776
528507100
535372738
541908844
549063561
556019452
563596634
571155722
579948107
587480242
595784174
603917539
611268090
618389369
625714810
633128953
640627466
648599357
655646446
663471892
671188010
677866748
685364745
691892814
699964021
707415416
715132832
722343859
729706253
737434446
744896533
753201163
761229048
768702479
776601780
785270883
792577959
799618379
806154900
812885510
819437937
826457898
833109555
840234881
846721268
853549169
861568271
869070897
875884339
882807515
889874723
897401450
903782337
910427221
917119227
923601738
930751303
937298092
944456475
952125304
959522206
965841514
972765616
978872889
985934516
994157463
1002270722
1009394201
1016034105
1022679535
1029304879
1035888757
1042405158
1050154341
1058376766
1065811898
1073069018
1079862397
1087411412
1094070881
1101048351
1108146668
1115676226
1123047500
1130313177
1137707142
1144861208
1152671401
1159989997
1167973012
1175594547
1183780011
1191288842
1199779791
1206717692
1213831852
1222215801
1229337187
1237404544
1245303183
1253192759
1260287342
1267923705
1275064983
1282431727
1289533970
1296433999
1303305628
1310753227
1318019419
1325176527
1332477136
1339918516
1348195794
1356327548
1363943502
1371725025
1379804712
1388192850
1395943746
1403234069
1410422578
1418206283
1425589532
1433083274
1440229178
1447091567
1453730178
1460345710
1467508051
1474821266
1482147696
1488852900
1495781391
1503209544
1510539441
1518330004
1525771967
1533240983
