0.936084
0.952042
0.964048
0.970246
0.975386
0.975758
0.975542
0.975662
0.97726
0.977686
0.978356
0.978976
0.97869
0.979822
0.979792
0.98017
0.98144
0.981606
0.981846
0.981882
0.982694
0.982634
0.982484
0.982808
0.984314
0.98361
0.983866
0.984522
0.98426
0.984288
0.984132
0.984026
0.98414
0.98439
0.984498
0.984552
0.984892
0.985076
0.985076
0.985096
0.985278
0.985554
0.98573
0.98585
0.985568
0.985708
0.98582
0.985872
0.985704
0.986012
0.986212
0.9863
0.986292
0.986308
0.9863
0.98632
0.98636
0.986712
0.986932
0.986964
0.987044
0.986912
0.986992
0.987024
0.98708
0.987152
0.987192
0.9872
0.987272
0.987328
0.987344
0.987372
0.98734
0.987336
0.98742
0.987436
0.987436
0.987408
0.987392
0.98744
0.987496
0.987532
0.987672
0.987692
0.9877
0.98768
0.987692
0.987792
0.98784
0.98782
0.987804
0.987884
0.988084
0.98812
0.987944
0.987944
0.987988
0.987988
0.988044
0.988
0.987984
0.988036
0.987972
0.988028
0.988084
0.988052
0.988064
0.988036
0.987996
0.988036
0.9881
0.988128
0.9882
0.98822
0.988232
0.988264
0.9882
0.9881
0.988148
0.988148
0.988164
0.987908
0.987908
0.987912
0.987932
0.987932
0.988052
0.988088
0.988016
0.987996
0.987988
0.988016
0.988052
0.988028
0.988012
0.987984
0.98794
0.987948
0.98798
0.98796
0.987972
0.987988
0.988044
0.98806
0.988036
0.98802
0.988056
0.988072
0.988084
0.98802
0.98804
0.988072
0.987992
0.98798
0.987996
0.98804
0.988052
0.988048
0.988008
0.987992
0.988
0.987992
0.988096
0.988072
0.988136
0.988124
0.988148
0.988152
0.988112
0.988124
0.98808
0.988124
0.988096
0.988112
0.98814
0.988132
0.988096
0.9881
0.988056
0.98804
0.988016
0.988004
0.987992
0.987992
0.988024
0.987996
0.987996
0.988
0.988
0.988016
0.988008
0.988004
0.98794
0.987848
0.987824
0.987852
0.987836
0.98784
0.987848
0.987828
