0.6476
0.59497
0.546727
0.504121
0.467416
0.434217
0.403481
0.37809
0.354301
0.333169
0.315705
0.299954
0.285797
0.273946
0.263507
0.255555
0.248499
0.242306
0.237042
0.232777
0.229463
0.225797
0.221995
0.219602
0.217926
0.215899
0.214455
0.213571
0.212566
0.211966
0.211005
0.209729
0.208412
0.207551
0.207061
0.206383
0.205692
0.205587
0.205204
0.204692
0.204369
0.204206
0.204297
0.203972
0.203663
0.204034
0.204076
0.203677
0.203303
0.202562
0.202648
0.202067
0.201489
0.201237
0.201307
0.201251
0.200964
0.200451
0.200409
0.20014
0.19995
0.200126
0.200136
0.200199
0.199969
0.19994
0.199817
0.199856
0.199549
0.199319
0.199314
0.199157
0.198969
0.198994
0.198859
0.198941
0.198799
0.198751
0.198905
0.199027
0.199108
0.19934
0.199204
0.19918
0.199418
0.199554
0.199614
0.199972
0.200068
0.200415
0.200596
0.200344
0.200286
0.200209
0.200459
0.20052
0.200378
0.200257
0.200326
0.200317
0.20052
0.200864
0.200559
0.200583
0.200498
0.200378
0.20002
0.199785
0.199641
0.199608
0.199511
0.199471
0.199432
0.199371
0.199713
0.199696
0.199661
0.199719
0.199915
0.199747
0.20002
0.200182
0.200421
0.200352
0.200317
0.200216
0.200052
0.20013
0.200314
0.200307
0.20049
0.200506
0.200607
0.200582
0.200885
0.200956
0.200917
0.201078
0.20123
0.201535
0.201372
0.201285
0.201458
0.201477
0.201844
0.202043
0.201946
0.202273
0.202171
0.202201
0.20221
0.202198
0.202275
0.202388
0.20241
0.202309
0.202259
0.202231
0.202288
0.20226
0.202099
0.20212
0.201959
0.201743
0.201624
0.201673
0.201705
0.202149
0.202036
0.202211
0.202212
0.202131
0.202163
0.202242
0.20231
0.202236
0.20228
0.202461
0.202398
0.202311
0.202458
0.202719
0.202794
0.20272
0.202656
0.202685
0.202826
0.202802
0.202759
0.202637
0.202364
0.202098
0.201996
0.202147
0.202087
0.20197
0.202036
0.201876
0.201833
0.201979
