0.647759
0.594142
0.54539
0.502288
0.463783
0.430171
0.400125
0.373495
0.350627
0.329716
0.31141
0.295096
0.279871
0.266447
0.255477
0.246352
0.238289
0.231612
0.225419
0.220034
0.215454
0.211458
0.208143
0.205118
0.203066
0.201078
0.199237
0.19811
0.196371
0.194827
0.193515
0.192892
0.192544
0.191488
0.191112
0.190992
0.190843
0.190962
0.190411
0.190066
0.190092
0.189951
0.189704
0.189242
0.188772
0.188423
0.187918
0.187891
0.187602
0.187308
0.187769
0.187679
0.18751
0.187332
0.187072
0.186881
0.186889
0.186823
0.18644
0.186145
0.186406
0.186052
0.185493
0.185758
0.185875
0.185617
0.185444
0.185386
0.185325
0.185477
0.185481
0.185238
0.185382
0.185515
0.185204
0.185134
0.185212
0.185132
0.185013
0.18503
0.184928
0.184807
0.185025
0.184976
0.185076
0.184944
0.184873
0.184879
0.18484
0.184971
0.184919
0.184787
0.184629
0.184637
0.184504
0.184374
0.184557
0.184492
0.184281
0.184307
0.184073
0.184045
0.184022
0.184039
0.183968
0.183948
0.18378
0.183851
0.184028
0.184109
0.184027
0.184028
0.18397
0.184168
0.184255
0.184487
0.184332
0.18451
0.184684
0.184739
0.184638
0.184606
0.184605
0.18456
0.184592
0.184587
0.184774
0.184734
0.184668
0.184741
0.184587
0.184482
0.184435
0.184581
0.184459
0.18451
0.184407
0.184433
0.184227
0.184283
0.184411
0.184435
0.184328
0.184333
0.184317
0.184295
0.184351
0.184337
0.184252
0.184311
0.184483
0.184503
0.184507
0.184541
0.184582
0.184466
0.184495
0.184509
0.184536
0.184487
0.184639
0.184534
0.184487
0.184449
0.184619
0.184605
0.184642
0.184676
0.184766
0.184625
0.184646
0.184656
0.184537
0.184668
0.18475
0.184913
0.184858
0.184811
0.184838
0.184968
0.184917
0.184922
0.185024
0.184972
0.185067
0.185115
0.185231
0.185288
0.18531
0.185312
0.185332
0.185407
0.185465
0.185607
0.185626
0.185438
0.18542
0.185405
0.185486
0.185427
