0.647966
0.594266
0.545433
0.502287
0.463894
0.430362
0.400976
0.375868
0.353059
0.333565
0.315473
0.299442
0.285667
0.274922
0.265428
0.255637
0.248083
0.2411
0.234751
0.229428
0.225057
0.222266
0.219822
0.217445
0.215382
0.213747
0.212383
0.211382
0.210076
0.2088
0.207822
0.206582
0.20581
0.205615
0.204795
0.204077
0.203756
0.203438
0.203052
0.202959
0.202827
0.203123
0.202308
0.201844
0.201395
0.201094
0.200524
0.200569
0.200075
0.199758
0.199435
0.198957
0.198989
0.199295
0.19932
0.199169
0.199169
0.198897
0.198764
0.199154
0.199049
0.199037
0.198929
0.199079
0.198767
0.198446
0.198573
0.198519
0.198564
0.198049
0.198009
0.198043
0.197994
0.197803
0.198038
0.197519
0.197518
0.197254
0.197181
0.197098
0.196996
0.196946
0.196416
0.196111
0.196197
0.196163
0.196125
0.19582
0.195456
0.195383
0.195669
0.195666
0.195188
0.195047
0.1945
0.194425
0.19441
0.194485
0.194335
0.194387
0.194312
0.194181
0.194275
0.1944
0.194302
0.194291
0.194168
0.194264
0.194182
0.19411
0.193731
0.193868
0.193913
0.193537
0.193532
0.193295
0.193465
0.193398
0.193583
0.193538
0.193504
0.193527
0.193433
0.193399
0.193314
0.19345
0.19327
0.193231
0.193196
0.193069
0.193211
0.193211
0.193211
0.193209
0.193315
0.193333
0.193253
0.193108
0.193166
0.193335
0.193323
0.193548
0.193462
0.193481
0.1934
0.193531
0.193498
0.193698
0.193737
0.193712
0.193817
0.193657
0.193687
0.193698
0.193469
0.19345
0.19338
0.193332
0.193403
0.193541
0.193361
0.19321
0.193238
0.193552
0.193515
0.193468
0.193544
0.193573
0.193549
0.193603
0.193455
0.19341
0.19345
0.193469
0.193439
0.193411
0.193479
0.193559
0.193723
0.193868
0.193982
0.193988
0.19397
0.193956
0.194048
0.19402
0.194033
0.194107
0.193998
0.194082
0.194206
0.194213
0.194242
0.194175
0.194096
0.194137
0.194162
0.194198
0.194266
0.194314
