0.645338
0.589907
0.540574
0.495846
0.457011
0.423268
0.393441
0.367003
0.344458
0.325282
0.308804
0.293253
0.280121
0.268631
0.259516
0.251097
0.244786
0.23927
0.234192
0.230198
0.226535
0.223922
0.22137
0.219677
0.217778
0.215784
0.213876
0.212877
0.211501
0.210056
0.20933
0.209142
0.208555
0.207891
0.20738
0.206529
0.205967
0.205293
0.205233
0.204859
0.204236
0.203689
0.203366
0.20318
0.203147
0.203026
0.202859
0.202777
0.202798
0.202395
0.202128
0.202018
0.201925
0.201849
0.20162
0.201564
0.201642
0.200991
0.200472
0.200277
0.200086
0.200347
0.199863
0.199547
0.199324
0.199211
0.198958
0.199021
0.198994
0.199038
0.199035
0.199012
0.199025
0.199104
0.199088
0.199138
0.199202
0.199298
0.199305
0.199371
0.199081
0.198999
0.198715
0.198694
0.198587
0.198653
0.198651
0.198462
0.198415
0.198475
0.19874
0.198682
0.198684
0.198625
0.198724
0.198629
0.198632
0.198632
0.198526
0.198243
0.198258
0.198205
0.198291
0.198508
0.198423
0.19848
0.198585
0.198612
0.19873
0.19887
0.198997
0.198976
0.198755
0.198749
0.198514
0.198481
0.198453
0.198446
0.198391
0.198465
0.198635
0.199074
0.199047
0.198986
0.199
0.1991
0.198901
0.198739
0.198856
0.198974
0.198999
0.19892
0.198899
0.198925
0.19895
0.199026
0.1991
0.198959
0.19898
0.19899
0.198886
0.198801
0.198698
0.198791
0.198843
0.198855
0.198842
0.198854
0.198651
0.198748
0.198798
0.198761
0.198923
0.198983
0.199007
0.198886
0.19885
0.198859
0.198979
0.199028
0.199047
0.199025
0.1989
0.198953
0.198928
0.199075
0.199034
0.199016
0.199034
0.198935
0.199155
0.19916
0.199205
0.198933
0.198914
0.198975
0.199054
0.199093
0.199179
0.199243
0.199358
0.199369
0.199373
0.19931
0.199176
0.199147
0.199131
0.199097
0.199144
0.199019
0.198996
0.199014
0.199172
0.199425
0.1995
0.199531
0.19962
0.19957
0.199587
0.199535
