0.941632
0.956564
0.97108
0.972272
0.974548
0.976426
0.976972
0.97855
0.978518
0.979692
0.980862
0.982362
0.982738
0.983066
0.983232
0.983568
0.98361
0.983768
0.984128
0.98434
0.986228
0.987824
0.98794
0.98807
0.988044
0.989078
0.9891
0.989228
0.989148
0.989292
0.989482
0.98976
0.989746
0.989874
0.989904
0.989744
0.989666
0.989706
0.98957
0.989638
0.989828
0.989912
0.989868
0.989964
0.990208
0.990312
0.990388
0.9905
0.990484
0.99044
0.990432
0.990408
0.990576
0.990592
0.990492
0.990516
0.990524
0.990576
0.990564
0.990568
0.99054
0.990596
0.99054
0.990596
0.990572
0.9906
0.990588
0.99052
0.990512
0.99056
0.990644
0.990556
0.99052
0.990512
0.990516
0.9906
0.990568
0.990492
0.990496
0.990472
0.990496
0.990408
0.990432
0.990432
0.990436
0.990524
0.9905
0.990448
0.990456
0.990344
0.990344
0.99038
0.990372
0.990136
0.99018
0.99018
0.990156
0.990124
0.990076
0.990068
0.990076
0.990012
0.990068
0.990072
0.98996
0.989912
0.98988
0.989884
0.989948
0.98992
0.989948
0.989908
0.989888
0.989932
0.989932
0.989944
0.989988
0.990136
0.990096
0.990068
0.99008
0.990092
0.99002
0.990044
0.990092
0.990076
0.990092
0.990136
0.990148
0.990204
0.990192
0.990224
0.990204
0.9902
0.990184
0.99018
0.990244
0.990224
0.9902
0.99016
0.990216
0.990252
0.990276
0.990272
0.99024
0.990276
0.99028
0.990264
0.99018
0.990212
0.99022
0.990192
0.99024
0.990176
0.99016
0.990172
0.990136
0.990144
0.990152
0.990108
0.99016
0.990192
0.990172
0.990124
0.9901
0.990088
0.99008
0.990076
0.99012
0.990132
0.989976
0.989952
0.990016
0.990044
0.99004
0.989932
0.98994
0.98994
0.989948
0.989956
0.989972
0.98996
0.989972
0.989868
0.989904
0.989888
0.98984
0.989808
0.989816
0.989828
0.989808
0.989836
0.98986
0.989876
0.989892
0.989896
0.989896
0.989884
0.989784
0.98978
