0.644418
0.588449
0.536982
0.491643
0.451102
0.414859
0.383609
0.355504
0.330677
0.309446
0.291066
0.274823
0.261085
0.248413
0.237809
0.228885
0.221613
0.21524
0.209447
0.204548
0.201012
0.197758
0.194904
0.19333
0.191711
0.190618
0.189526
0.188522
0.187457
0.186579
0.185871
0.185436
0.185389
0.186
0.185628
0.184997
0.184693
0.184144
0.183471
0.183131
0.183032
0.182555
0.182582
0.182654
0.182425
0.182292
0.182151
0.182026
0.182025
0.18232
0.182321
0.182234
0.182095
0.182182
0.18203
0.181956
0.182072
0.182232
0.182256
0.182299
0.182261
0.182115
0.182007
0.182111
0.18164
0.181747
0.181914
0.182233
0.182348
0.182384
0.182359
0.182483
0.182299
0.182227
0.182181
0.182172
0.182184
0.182014
0.181967
0.181998
0.182061
0.182031
0.182223
0.182278
0.182369
0.182405
0.182304
0.18246
0.18258
0.182582
0.182699
0.182716
0.18258
0.1827
0.182961
0.183091
0.183095
0.18318
0.183331
0.183407
0.183358
0.183323
0.183241
0.18317
0.183281
0.183397
0.183357
0.183457
0.183484
0.18348
0.183413
0.183242
0.18308
0.183074
0.183024
0.183355
0.18344
0.183475
0.183436
0.183444
0.183422
0.1834
0.183391
0.183484
0.183418
0.183298
0.183269
0.183467
0.183533
0.183547
0.183558
0.183405
0.18351
0.183482
0.183684
0.183696
0.183433
0.18339
0.183415
0.183344
0.183254
0.183186
0.18317
0.183186
0.183134
0.1831
0.183127
0.183112
0.183227
0.183316
0.183498
0.183543
0.18353
0.183708
0.183547
0.18356
0.183533
0.183456
0.183444
0.183453
0.183349
0.183187
0.183144
0.183198
0.183197
0.183235
0.183156
0.183075
0.183166
0.183139
0.183249
0.183335
0.183243
0.183252
0.183218
0.183227
0.183248
0.183272
0.183172
0.182968
0.182828
0.182827
0.182865
0.182885
0.183226
0.183246
0.183215
0.183246
0.183252
0.183074
0.183092
0.183158
0.183223
0.183252
0.18336
0.183196
0.183233
0.183271
0.183343
0.183357
