64517186
101365879
134390906
141610756
148991622
155788353
162972587
169591405
176596289
183176262
189654176
195938603
202427703
208986114
216424677
223113557
229832540
236716862
243555658
250085877
257284089
263595529
270028568
277092462
284309552
291576913
297811471
304807552
311738517
318471875
324628310
331576777
338309224
344970728
351655204
358358165
365411096
372413415
379511014
386392597
393822886
401189888
407897046
415423872
422600992
430962307
438617771
445859002
452745387
459989418
467070067
473974086
481534743
489378655
497257628
505227085
512592862
519862223
527070808
534705339
542278095
550064401
557594764
565398266
573087420
580474952
587944233
595525597
604235908
611644284
618453939
625129350
632244311
639207819
645839848
654490288
661689009
668740226
675486647
681893662
688635657
695852777
702162556
709113397
715740694
723349967
731583664
737546399
744392816
750507151
757095386
763008709
770936375
777676796
784236456
790256965
797137199
803601983
810220086
817449374
824092494
830700527
838062194
845015752
851805593
859048409
866579261
874469270
881197879
888459007
896355534
903551630
910930945
917772478
924716460
931539607
938726901
945248953
951592956
958938966
966143420
972698938
979521968
986389587
992926571
999594240
1006309670
1013121157
1019811156
1026226559
1032960146
1040155107
1047371771
1054621424
1061999515
1069738888
1076890243
1083909402
1090639053
1097089149
1104015734
1110896331
1118738996
1125747997
1133192657
1141042687
1148644130
1156751048
1164403579
1171045065
1178324951
1184624457
1191671589
1198368346
1204540938
1211299177
1217828462
1225001615
1232533070
1240596548
1247470480
1254574992
1261938805
1268577160
1275214432
1282411133
1289006754
1295514546
1302432638
1310183427
1317926867
1326079639
1333757185
1341226967
1348227242
1355569647
1362921352
1369937129
1377474887
1383900611
1390488706
1398142599
1404859935
1411430178
1418842782
1426205525
1433810832
1441259141
1448665568
1455998788
1463141562
1469973674
1477368631
1484158245
1490812575
1498005097
1505237649
1512194955
1519024224
1525619894
