61962672
98757873
132188943
165899089
199587119
224206357
231096978
238659560
245762837
252503619
259091364
265972975
273416513
280643521
287476127
294021493
300755488
307607337
314423816
321311378
328421683
335367368
342638986
349835159
356644497
363134546
369667286
376628140
383043941
390110016
396827936
403926525
411422827
418298114
425184982
431917133
439063553
445982011
452663116
460356344
467889104
474998022
482631844
489798001
497722185
504824884
512368959
519830842
526751166
533951020
541605008
549911871
558056007
565886408
573378167
580850272
587696616
595512597
603470947
612367294
620455748
627624927
634563211
641489656
648582509
655451064
663221998
670222916
677347270
685585262
692770785
699811853
707159391
714494967
721738429
729399894
735822566
743356117
751774058
760049046
768212199
776258641
784325175
791388845
798977053
807252544
813645834
820923045
828962691
835790889
842574792
849016999
856156285
863313763
870140843
876644009
884159560
892036569
899325050
907308221
915292119
923504244
931355042
938574052
946212341
954077530
962484355
970306651
977931883
985811328
993154108
1001138918
1008678176
1015697693
1023257293
1030209262
1037954663
1046196556
1054477675
1062030198
1070587279
1077834314
1085146083
1092892333
1100522651
1108680387
1116586426
1124396784
1131939642
1139402531
1147553268
1155005426
1162205767
1169821533
1177265238
1184860532
1192141847
1199091704
1206757344
1214352481
1222561136
1229755614
1237663814
1246424536
1253391054
1261745028
1268944715
1276678935
1283879951
1290745414
1297347712
1304690847
1312587048
1319909944
1326905593
1333805013
1341051626
1349293623
1356267898
1363926551
1370804989
1377706975
1386398858
1393897945
1400197256
1406160175
1412409493
1419779442
1427555526
1434490278
1441529386
1448172726
1455541582
1463026863
1470057787
1476796584
1484096594
1491163594
1498705671
1506468541
1513578123
1521500050
1529725535
1536541833
1543774813
1551474837
1558673398
1565449824
1572974823
1580517982
1587388989
1595181878
1603206316
1610745572
1618396959
1625874815
1632846026
1641255298
1649220665
1657941964
