0.644418
0.588606
0.537606
0.493069
0.452886
0.417729
0.387491
0.361504
0.33832
0.317442
0.299303
0.284048
0.270494
0.258894
0.249332
0.241384
0.234313
0.228941
0.223905
0.219407
0.215432
0.212776
0.209975
0.208719
0.207349
0.205094
0.203071
0.202446
0.201088
0.199854
0.198695
0.198272
0.197681
0.19752
0.1974
0.197139
0.196958
0.196644
0.196167
0.195774
0.194691
0.194524
0.194303
0.194188
0.19401
0.193652
0.193681
0.193866
0.193477
0.193575
0.193343
0.193303
0.193266
0.192947
0.192523
0.192728
0.192796
0.192365
0.191928
0.191814
0.191713
0.191758
0.191731
0.191723
0.191785
0.19167
0.191434
0.191506
0.191398
0.191322
0.191002
0.190612
0.190237
0.190154
0.189895
0.189593
0.189584
0.189437
0.189144
0.189196
0.189168
0.189157
0.189108
0.189214
0.189056
0.188947
0.188882
0.188945
0.188558
0.188041
0.187983
0.188089
0.187992
0.188057
0.188001
0.188109
0.188162
0.188137
0.188058
0.188075
0.188192
0.188143
0.188214
0.188162
0.188298
0.188522
0.18859
0.188577
0.188451
0.188196
0.188048
0.188037
0.187847
0.187879
0.187956
0.187904
0.187787
0.187758
0.187935
0.187864
0.187935
0.188005
0.188013
0.188071
0.188125
0.188118
0.188004
0.188037
0.188031
0.188048
0.188145
0.187989
0.188021
0.188153
0.18799
0.188043
0.188069
0.187926
0.188035
0.188076
0.188137
0.187966
0.187819
0.187804
0.187863
0.188041
0.188236
0.188252
0.188286
0.188291
0.188151
0.188032
0.187749
0.187963
0.187859
0.188119
0.188217
0.188214
0.188268
0.188405
0.188379
0.188495
0.188541
0.18853
0.188674
0.188719
0.188799
0.188917
0.18904
0.189067
0.189126
0.189138
0.189146
0.189163
0.189146
0.189203
0.189153
0.189108
0.189084
0.189153
0.189217
0.189258
0.189376
0.189381
0.189415
0.189381
0.189419
0.189465
0.189307
0.189248
0.189283
0.189335
0.189338
0.189294
0.189281
0.189272
0.189281
0.189331
0.189416
0.18935
