41142700
47954426
54714988
62309967
69000702
76006339
82929519
89353374
96490076
103481358
110584830
117848453
124401205
131169105
137461549
143964739
150882568
157776306
164258526
171161381
177972420
184500843
190660796
197227494
203728639
210471430
217844678
225454926
232584839
240284179
247604016
254675123
261440190
267883638
274498350
281330204
288652545
295361068
303051420
309901736
316528936
323696424
330971097
338459943
345343078
352247649
359819654
367071721
374731918
382073622
389288361
396729163
403638640
411327596
418619986
426800987
434520256
442202271
450036932
457519963
464544277
471441592
478906526
486292526
493862620
501718050
509508741
517057431
525691453
533261090
540844969
548529728
556503807
564172533
571129789
578054112
585551314
593547742
601117943
608279651
616187491
623475865
631302649
638540338
645314189
652239490
659772463
667716841
675080331
682431459
689337216
696574520
703390724
710382469
717978467
725343662
732937837
740337341
747958075
755570227
763091888
770337526
777410569
784035165
792414517
799237302
806665394
813910423
820872394
828288582
836186955
844468449
852008078
859326124
866564969
873838297
881741467
889408475
896393080
903338276
910875215
918571606
926819972
934520631
941356975
948190012
955494320
962412747
970205168
977746858
984319453
991562183
998820692
1007518894
1015341437
1022697606
1029979970
1038076449
1045835330
1053698738
1061333118
1068496643
1075483492
1082900628
1089881617
1096145393
1103646440
1110583745
1118172271
1125622188
1132574102
1140241506
1147159704
1153673984
1160790886
1168874162
1176218507
1183071212
1189464004
1196676061
1203555219
1211421312
1218059444
1225277676
1232786345
1240205904
1248734214
1255950946
1264235812
1270764505
1277769282
1285248065
1291621392
1298770579
1305880588
1313193246
1320423084
1327481447
1334775611
1342063796
1348531549
1356077517
1362853276
1370116969
1377575419
1385036534
1391939802
1399715828
1407736068
1414733360
1421991740
1429293002
1436713668
1443987752
1451681543
1459078859
1466595840
1474298509
1481725664
1488808318
