1499.81
1296.5
1119.55
974.122
860.196
757.733
673.701
595.918
532.407
469.778
427.789
391.907
355.265
337.584
313.747
292.284
277.325
261.976
237.624
220.921
209.207
199.788
191.478
181.279
175.009
168.478
186.167
150.82
153.33
146.526
140.516
138.618
139.692
125.522
129.175
127.465
119.328
110.095
105.182
113.343
108.097
108.964
100.836
103.762
108.142
101.01
98.0427
102.567
89.2388
84.6385
92.1554
94.1422
93.6058
88.9665
84.8152
87.7006
84.5598
86.6978
81.3468
83.0926
81.4978
74.4776
85.4682
79.2065
80.4211
74.1644
83.7875
82.8369
72.7643
70.624
79.3605
72.79
75.8533
74.1296
79.1175
74.4871
67.3127
67.7782
68.3245
65.1828
67.6794
68.0549
72.6775
59.0437
63.1606
60.7551
62.8261
62.4037
61.5827
64.1798
57.841
58.2482
58.7396
60.1899
56.6006
57.5778
58.3557
53.1675
60.8348
55.7115
53.2601
53.8965
53.2141
58.9489
53.0794
52.5739
50.5735
51.5126
53.5189
49.8849
49.4112
49.6542
47.2478
48.3333
52.1413
49.2702
46.759
48.3475
46.2251
41.7198
45.1476
46.183
44.1513
46.8781
44.8467
42.9331
42.9336
41.7077
40.5945
44.3634
43.8938
39.2231
42.5068
44.1794
38.2755
36.5059
39.7122
38.7687
36.508
38.4241
38.3933
37.2162
41.1475
38.5321
35.1433
35.8348
35.7952
35.9122
35.947
36.6297
34.9313
34.6586
34.7944
33.7841
33.5636
32.9784
33.5928
33.6132
33.6263
33.4627
34.6058
32.5663
33.2701
31.1993
32.5087
33.6196
30.011
32.8955
33.3175
30.4401
30.7663
27.9118
30.4813
30.2419
28.7641
30.8264
28.5979
28.1172
29.6899
27.7745
28.7432
27.4115
29.8552
27.8435
27.2899
26.0174
27.3915
25.2152
26.2496
24.3093
26.5436
26.9514
23.6744
25.0005
24.9948
25.0262
25.9499
24.2675
24.5228
23.8827
