0.941632
0.956564
0.971062
0.971438
0.973462
0.976036
0.97674
0.977744
0.978672
0.97907
0.980466
0.98066
0.980918
0.982728
0.98319
0.982984
0.982928
0.982948
0.982872
0.982858
0.98466
0.984852
0.985084
0.985236
0.986724
0.987432
0.988354
0.988314
0.988526
0.988662
0.98875
0.988632
0.988496
0.988428
0.988452
0.988446
0.98851
0.988786
0.989024
0.989084
0.989456
0.989268
0.98934
0.989424
0.989496
0.989752
0.989728
0.989632
0.989874
0.989802
0.989864
0.989844
0.989878
0.989974
0.99006
0.9899
0.989836
0.989916
0.989964
0.989916
0.989996
0.989976
0.990016
0.98998
0.989988
0.989916
0.989896
0.989888
0.989948
0.989932
0.98998
0.990112
0.990168
0.990152
0.99022
0.990412
0.990396
0.990472
0.990496
0.990492
0.990468
0.990496
0.990556
0.990524
0.99056
0.990608
0.99058
0.990396
0.99048
0.990572
0.990596
0.990552
0.99062
0.990596
0.99058
0.990572
0.9906
0.99062
0.990664
0.990672
0.990644
0.990616
0.990592
0.99058
0.990544
0.990504
0.990456
0.99044
0.990384
0.990536
0.990524
0.990548
0.990568
0.990544
0.99052
0.990552
0.990588
0.990576
0.990552
0.99056
0.990504
0.9905
0.990488
0.990484
0.9905
0.9905
0.990512
0.9905
0.9905
0.990496
0.990484
0.990484
0.990484
0.990388
0.990416
0.990424
0.990424
0.990444
0.99044
0.990452
0.990428
0.990532
0.99058
0.99058
0.990572
0.990556
0.990496
0.990504
0.990508
0.9905
0.990532
0.990536
0.990772
0.990756
0.99078
0.990764
0.990752
0.990752
0.990748
0.99072
0.990736
0.990704
0.990692
0.990744
0.990736
0.990752
0.990748
0.990728
0.990732
0.99072
0.990724
0.990744
0.990764
0.990784
0.9908
0.990796
0.990796
0.9908
0.990796
0.990792
0.99076
0.990772
0.9908
0.9908
0.990832
0.990832
0.990932
0.990896
0.990928
0.990948
0.990936
0.990944
0.990964
0.990988
0.990984
0.990952
0.99096
0.990944
0.990968
0.990968
