0.539156
1.0339
-0.215407
1.01982
1.03704
-0.0313792
-0.0200029
-0.0137658
-0.0346613
-0.0228735
1.0396
1.06695
0.0462063
1.039
0.216032
0.748059
1.004
1.01441
0.971419
1.02023
-0.0292609
1.0695
0.98874
1.0321
0.941235
0.0262401
1.03502
0.997979
0.119192
0.601535
0.928846
0.832485
-0.146269
0.921278
0.999905
1.02016
0.171178
0.985889
0.0337772
0.116133
1.00364
0.00896451
0.934656
1.01385
0.0951132
-0.0230443
1.00772
0.286202
0.814366
0.0335866
0.00142574
0.0834687
-0.0394515
-0.143456
1.01685
0.985648
0.256924
0.0903266
0.86447
0.984304
1.0378
-0.0299149
-0.0126587
1.02545
0.0854214
0.204185
1.03501
1.00873
0.983077
1.02881
-0.0481418
0.426731
-0.00325676
1.00893
0.804543
1.00681
0.524016
-0.113492
0.931452
1.03812
0.0338075
0.984894
0.612219
0.975837
0.232883
1.03643
0.0651954
1.04751
0.0281776
1.04982
0.939141
1.00481
-0.0132226
-0.0811205
0.974315
0.225629
0.976235
-0.00716412
0.405834
0.971855
0.0632286
-0.238078
0.928337
1.01968
1.00863
0.922078
-0.00391286
1.01482
1.02456
0.0547744
0.479398
0.149266
0.583668
0.0575985
0.930423
0.993798
-0.0148117
-0.0487677
0.00113663
1.08281
-0.079809
1.05531
0.695401
0.919505
0.107997
0.0113396
0.931678
-0.0011825
0.0310595
-0.00638194
0.0352358
0.0391558
-0.0683978
1.02893
-0.103527
0.970907
1.05588
1.01488
0.011555
0.990933
1.00482
0.956494
-0.165228
0.974263
0.679202
1.18372
0.316961
0.989281
0.995293
-0.11778
0.984638
0.022163
1.06193
0.99445
1.05454
-0.0803458
0.98061
-0.0551758
1.11613
0.0260772
0.968921
0.00263273
0.992371
0.186501
0.797458
0.0685569
-0.00424068
-0.0426917
1.00249
1.02683
1.00022
0.930919
0.0839064
-0.049193
1.02562
0.967563
1.06342
0.629101
1.02506
-0.014501
0.0187705
1.07107
0.291448
0.131848
0.0172738
1.00158
0.867136
1.01087
1.01221
0.284525
0.980534
0.468891
1.01779
-0.0518253
0.931603
0.0378581
-0.005527
-0.0230339
0.965782
0.98765
1.14355
0.946848
0.124975
0.993287
-0.0463137
0.155141
1.01134
-0.10004
1.0301
-0.0470703
1.00242
0.135785
1.01153
1.02132
0.0265556
-0.0418826
0.738212
0.0636941
1.02088
0.134906
1.0494
0.543829
0.149345
0.983719
0.00675007
-0.118801
1.00211
0.667011
-0.090325
0.526647
0.0246474
-0.0890013
1.0715
0.0745356
0.000490796
-0.00559044
-0.0858688
0.968894
0.000263204
1.06943
0.691173
0.649354
-0.0466606
-0.0329514
-0.0478894
0.786065
1.15465
-0.113911
1.04863
1.03671
0.870403
1.00116
0.97639
0.139742
1.00656
-0.124845
1.01713
0.99034
-0.0908723
0.944916
0.92644
0.0575154
-0.0290789
0.599594
0.259189
1.03433
0.121884
1.02396
1.05905
-0.0186097
0.147347
-0.0526975
0.847222
1.07644
-0.0147387
-0.0228284
-0.144613
0.987719
0.988001
1.14758
0.801549
0.883485
-0.037064
0.966075
0.00720354
-0.243637
-0.0165754
1.03996
-0.0128943
0.979496
0.0239336
0.0872202
0.40361
1.08682
-0.0138185
0.997644
0.860177
0.360558
1.02205
0.210009
1.09679
1.01181
-0.0425905
-0.059858
-0.00362522
-0.00398794
0.0125885
0.72049
0.413307
1.14866
1.04517
1.01831
-0.00455784
0.0184318
0.711096
0.983107
0.0346424
0.00470321
0.997091
0.309503
0.132604
-0.0350417
1.00618
0.451874
0.851858
-9.42181e-06
1.18185
0.96849
0.147299
0.170527
1.0955
0.05997
0.00328875
0.855137
0.0139199
1.00287
1.06316
0.455297
0.941177
0.96366
0.997578
1.06897
0.635294
0.140221
0.0142865
0.687183
1.08079
0.981715
1.06431
0.0712137
0.962477
0.0234404
0.988459
0.047895
0.00717857
0.281336
0.971494
1.03983
0.895636
0.738973
0.890629
1.00378
1.02316
0.55826
1.16335
-0.00940908
0.107847
1.03784
-0.190484
1.00473
-0.00147401
0.0372189
0.96126
0.816505
0.0991197
-0.0297909
-0.0284515
1.01509
0.978871
-0.186109
0.557833
0.972082
1.02192
0.143749
0.967653
0.175582
0.0198668
0.768795
1.00366
0.673017
0.0902094
0.951828
0.948088
-0.179525
-0.0131316
0.0338121
0.713401
0.0653897
0.786467
0.999149
0.973816
0.984498
-0.0112846
1.0179
0.978939
0.728317
-0.203639
0.842425
0.299531
0.216459
-0.0240152
1.01128
0.0288491
0.0133714
0.227169
1.01151
0.544649
-0.0319281
0.00891403
0.0633482
0.937081
1.05505
1.00469
0.0497912
0.784974
-0.00365289
1.01901
0.945203
0.00514253
0.360644
0.381976
0.097309
-0.138335
0.449699
0.0407122
0.998044
0.968167
1.04116
0.95628
1.00355
0.0263745
-0.0208389
0.116226
1.0088
1.02844
0.922951
0.864438
0.0837474
0.214189
0.041894
0.0625115
1.0051
-0.00117386
0.86962
0.148449
0.970586
0.0816207
0.00932114
1.03425
-0.0342444
-0.0135895
0.996429
0.615992
-0.0750191
0.994089
0.956502
1.0517
-0.0116034
1.02321
-0.0512116
0.863358
-0.111463
0.0987614
1.04135
1.06252
1.02115
1.0414
0.041141
0.0356496
0.851395
0.969295
0.815077
0.0161022
-0.00724934
1.029
0.754639
0.15155
0.803128
0.955022
0.000971503
0.0813504
0.998932
0.479863
-0.019713
-0.0244892
0.98806
0.639151
0.998072
0.88169
-0.0424355
0.592427
1.03693
0.083442
-0.0232842
0.650766
0.0579789
-0.0131865
1.03675
0.498892
1.10953
0.0570161
1.0067
1.05001
0.0953045
0.00594589
0.0177024
0.14278
0.0193019
-0.0271195
0.0121676
0.226916
0.00917734
0.543572
1.00844
0.461185
-0.0266832
0.355387
0.97946
0.497177
1.02242
0.0934991
-0.0513377
0.782474
-0.00527138
1.21861
0.944994
-0.104767
1.00094
-0.0977712
0.97163
-0.498655
1.16086
-0.0702653
-0.0491075
-0.299907
-0.0412054
1.01504
1.01062
0.964528
1.00516
1.01614
0.110273
0.136413
0.0256115
0.98501
-0.0825235
1.01055
0.803277
3.54961e-05
0.967434
0.957973
0.975514
0.952141
-0.0896545
0.0894411
0.590019
0.112239
0.175298
-0.110325
0.0787533
1.03888
0.973334
-0.15607
1.00406
1.07062
-0.0997889
1.03698
0.561833
0.836972
-0.0297582
0.00463216
0.0259805
-0.00555226
0.192914
0.587187
0.00381752
-0.0372265
-0.0778259
1.08744
0.988745
0.997992
0.0562046
0.0432753
-0.0709062
-0.0298024
0.894552
-0.116332
0.890769
0.989292
0.0783212
0.533894
1.02389
-0.0495985
1.06609
-0.000305736
-0.0906519
-0.0272494
0.564904
1.03581
0.962967
0.0919952
0.992619
1.04153
0.0195981
1.04412
0.0789469
0.00451785
0.364773
-0.0221201
0.342489
0.118905
0.214786
0.0255876
0.416229
1.10184
0.837217
0.891721
-0.0126933
-0.0569348
0.0163792
0.041384
1.01991
0.623644
0.0210536
1.01049
1.10198
0.0760528
1.04864
1.12047
0.995598
0.0912805
1.00142
0.130861
0.188663
0.545044
0.00231365
0.185899
1.15971
0.158545
1.05891
-0.10187
0.0144579
-0.123254
0.947658
-0.0203927
0.012015
-0.0892874
0.131895
0.00866687
0.99749
1.04886
1.02592
1.07259
0.205223
-0.0249963
-0.0734797
1.00357
-0.0169749
0.0239285
1.04092
-0.0220685
0.146971
1.17743
0.91922
0.198357
0.107788
0.118541
0.947207
-0.0696461
1.10851
-0.0203241
0.712102
0.210978
1.00556
1.05097
0.0524719
1.11204
0.68345
1.03605
1.26154
1.01285
-0.0356338
1.01581
0.983427
0.113561
-0.143903
-0.0426068
0.0234427
0.98335
0.0227603
0.971111
-0.0231689
0.00134385
0.983734
0.101725
0.182907
1.03735
0.97328
0.112817
0.0275773
0.969296
1.00083
-0.0395684
0.06274
1.06242
0.100037
0.0374503
-0.0548674
0.11583
1.02536
0.98702
0.984867
1.01707
0.993364
0.902673
0.928027
0.0937635
0.00973268
0.865756
-0.00591207
1.06434
1.01736
0.998637
1.22552
-0.0361605
0.124859
0.172903
0.982501
0.979494
0.921861
0.149429
-0.0202554
0.121249
0.0619355
0.906778
0.0343421
1.06591
-0.11532
1.11661
-0.0152158
-0.0344946
0.888938
0.0295941
0.931698
-0.0399368
1.20298
1.03898
-0.142569
0.997927
0.641477
0.649747
0.503847
0.977068
0.0892971
1.03424
1.18336
0.0698607
0.992247
-0.0134765
0.167888
-0.0772052
-0.0348015
0.55286
0.998926
0.0068897
1.06889
0.0468729
0.768646
1.0792
-0.0134605
0.0285377
0.166303
0.140884
-0.0924119
0.116175
0.797611
0.0405502
-0.10215
0.01639
0.0019622
-0.0721675
-0.0186784
0.911048
-0.0800073
1.05865
-0.0628079
0.9522
0.923168
-0.0423738
0.823514
0.0445279
0.882988
-0.0512175
0.0847982
-0.0357786
0.949138
1.03405
0.806504
0.0666805
-0.0511574
-0.161408
0.967157
0.18279
1.08454
1.06111
0.948492
0.0143814
-0.0412475
0.0328911
1.00068
0.561992
0.674951
0.987442
1.01951
0.0973384
0.0193977
1.00927
0.0570631
0.460145
1.01256
-0.0360817
1.03713
-0.0488106
0.674089
0.953377
0.936032
-0.0239592
-0.0406424
-0.0243154
0.982232
1.08423
0.127661
0.0133112
0.966396
0.753096
0.990751
0.135016
0.00187184
1.08055
-0.016905
0.178134
-0.00884559
0.449566
-0.0502406
0.979992
0.0194187
-0.0490014
0.996725
1.00221
0.988134
0.025486
0.868238
-0.045098
0.13114
-0.0855536
0.813392
0.953334
0.0109497
1.00578
0.702286
0.952599
-0.0312988
0.0668123
1.02121
0.0476425
0.917823
0.12154
0.0317916
1.00985
0.572532
-0.0389287
-0.0264215
-0.0756195
0.826249
0.949465
0.534872
-0.0218275
0.941401
0.914959
1.00183
0.0256053
0.785347
1.1999
0.683079
-0.0585253
0.833728
0.823112
0.0767896
0.372681
-0.0796059
0.191362
-0.0726827
0.00490492
-0.00154148
0.984703
0.350934
-0.0332881
-0.294533
0.476544
0.196018
0.955129
0.925837
0.824746
0.945929
0.0258241
-0.0239431
-0.00775639
-0.0338189
0.980148
1.00185
1.08607
1.02305
0.924015
-0.159783
0.840187
0.0936775
0.952985
0.1526
-0.0329493
0.146382
0.0131039
0.0224755
-0.0311377
-0.0321338
1.08352
-0.0899424
0.846874
0.969734
0.854262
-0.110168
-0.0484624
0.512852
0.155086
1.01545
-0.0968517
0.975627
0.279387
0.960808
0.0205992
1.01701
0.53661
0.640095
0.487976
-0.0117597
0.877164
0.903488
-0.0288916
0.994812
0.998266
0.923488
-0.0530446
0.973228
-0.00816175
1.0182
1.05702
0.00614828
0.860556
0.97007
1.0584
-0.11785
0.251816
1.01508
0.282786
1.0172
-0.0358871
-0.0074115
-0.0134733
0.844432
0.38129
1.01856
0.99139
0.403623
-0.0626846
1.08551
0.0838869
0.0166094
0.958088
0.983179
1.01198
-0.113928
-0.0178376
1.0007
0.14258
0.99989
0.138613
0.0522184
0.61383
1.04739
0.0244122
-0.0213294
