1499.81
1251.95
1048.97
877.631
747.654
634.818
543.134
464.531
396.399
350.317
300.886
265.058
233.98
222.078
201.964
180.036
165.246
152.835
132.996
136.617
130.082
118.321
107.999
98.8587
103.619
88.5206
112.029
86.9443
85.1504
83.7308
89.243
82.2669
81.1542
70.98
72.7467
77.3988
70.5657
68.7941
61.9875
69.9671
62.0645
60.5314
65.6621
69.3311
62.6181
61.4168
58.8474
59.3193
55.4466
50.0891
54.9537
57.3221
59.2754
53.7971
56.9789
55.8309
57.8436
56.3767
56.5299
53.1873
52.6744
44.2143
55.17
48.2865
49.1986
46.61
46.9538
51.7018
44.9307
48.5142
47.802
46.4851
47.2553
49.1657
49.4464
42.7287
45.2891
44.8289
44.0131
42.5193
45.7652
44.5515
43.6295
37.1014
42.4914
43.5534
43.3728
40.6577
41.7655
42.88
36.0567
41.0957
37.0833
38.4169
38.2727
35.3124
37.5628
34.2403
40.0794
34.0729
33.4338
31.2445
32.2089
40.8841
35.6603
34.6189
31.3119
37.51
32.7947
35.659
32.7488
35.1778
31.4843
34.0408
32.234
35.8324
33.6989
32.4047
29.5639
29.1647
29.2896
34.3817
30.9317
32.5344
29.0921
30.2996
28.5479
28.1972
30.1263
28.8742
30.4981
26.1089
27.8864
28.5564
26.1469
25.7394
27.6229
28.3654
23.6627
25.4321
25.8953
26.9823
27.4498
27.9554
25.2223
24.6507
26.9212
24.0569
26.3463
25.4212
25.1227
24.4539
25.5479
27.3046
26.1194
25.0786
23.8974
21.7113
27.1548
22.6163
24.7558
25.2193
23.0649
21.8056
24.1976
25.3144
24.1735
24.0513
21.427
20.682
23.9207
20.1247
23.003
23.0706
21.1316
22.5219
20.8326
19.8054
20.1516
21.2452
20.6842
20.5536
20.8025
20.5614
20.3034
19.1191
19.5452
19.8214
18.3809
17.7048
18.3617
18.3662
17.8634
18.017
18.4208
19.2964
18.5681
17.4363
18.5467
18.1766
