0.644368
0.587742
0.536914
0.491358
0.451272
0.415268
0.384311
0.35706
0.332455
0.310268
0.291359
0.275819
0.261435
0.249723
0.239426
0.230403
0.222888
0.216889
0.211195
0.205872
0.201768
0.198401
0.194524
0.192385
0.189843
0.187808
0.187049
0.185379
0.184437
0.183528
0.182453
0.181466
0.180764
0.179786
0.179486
0.178863
0.178433
0.177968
0.178155
0.177648
0.177601
0.17732
0.177019
0.176666
0.176486
0.176037
0.175848
0.175911
0.175555
0.175653
0.175506
0.175595
0.175504
0.174918
0.174771
0.174968
0.175076
0.174838
0.174887
0.174675
0.174948
0.174789
0.174731
0.174818
0.174835
0.174934
0.175069
0.174871
0.174791
0.174841
0.174954
0.175137
0.175291
0.17511
0.17492
0.174934
0.175111
0.175057
0.174821
0.174933
0.174905
0.175075
0.174981
0.174962
0.175023
0.175209
0.175185
0.175266
0.175113
0.175156
0.175299
0.175329
0.175206
0.175301
0.175208
0.175134
0.17516
0.175442
0.175538
0.175466
0.175481
0.175517
0.17555
0.175531
0.175652
0.17534
0.175214
0.175304
0.17524
0.175199
0.175031
0.17492
0.174782
0.174824
0.174817
0.174959
0.174982
0.174889
0.174598
0.174649
0.174558
0.174558
0.174643
0.174892
0.174904
0.174982
0.17495
0.17502
0.174831
0.174762
0.174784
0.174606
0.174626
0.174706
0.174728
0.174949
0.175135
0.175208
0.175178
0.175258
0.175306
0.175389
0.175241
0.175256
0.175198
0.175281
0.17536
0.17522
0.175244
0.175298
0.175198
0.175196
0.175206
0.17514
0.175118
0.175214
0.175256
0.175259
0.175237
0.175289
0.175249
0.175283
0.175357
0.175456
0.17554
0.175424
0.175491
0.175486
0.175601
0.175627
0.175626
0.175571
0.175499
0.17543
0.175471
0.175634
0.175545
0.175609
0.175598
0.175613
0.175694
0.175785
0.175765
0.175701
0.175649
0.175748
0.175739
0.175699
0.175699
0.175708
0.17574
0.175798
0.175799
0.175801
0.175721
0.175803
0.175835
0.175785
0.175728
0.17576
