38521823
44989412
51092260
57761212
64399370
70775719
77502483
84959969
91934903
98878697
105881791
113019435
119820795
126934740
134342241
141142334
148229646
155175254
162379695
169183208
176128850
182556837
189110460
196126686
202942867
209962890
216410385
222877535
229117414
235272570
242066174
249109923
256444430
263869042
270667208
277516777
283971653
290692397
297142645
304031889
310811870
317664711
325382119
332805437
340487934
347264761
353775146
361017175
369334349
376767157
384803375
392655804
400216198
407053273
414370916
421809803
428998711
436119947
443409902
451370801
458784796
466129667
473926358
481300313
489531956
497525326
504971828
512441178
518929493
526983100
534705429
542153592
549893547
556389293
563240695
570142015
577029180
584367558
591218857
598624348
606178325
613667484
620649873
627506660
634937777
642030022
649180973
657053116
664687943
672206299
679454267
686770482
694013629
701157909
708224625
715584082
722951627
731036457
738636075
746417364
753626711
761187790
769044562
776708960
784510603
791811059
799618671
806940992
814327783
821751608
829277331
836095858
842947628
849780099
857763570
864825248
872936236
880844039
888211520
896259783
903222351
910000672
916567280
923445510
930844389
937871810
945039917
952646584
959687266
967902585
975622897
982830239
990382419
997807609
1005452462
1012821681
1020144416
1027582749
1034584638
1041622557
1048374264
1054864164
1061696777
1068788002
1076480607
1083631703
1091064055
1098587247
1104941370
1111633540
1118876129
1126444246
1132886752
1140036086
1146663561
1153485187
1161115100
1168309248
1174862328
1181698792
1188759197
1196006818
1202802166
1210883818
1218090950
1224696950
1232094828
1239125031
1246646111
1254344850
1261760582
1269879622
1276649903
1283797518
1290970015
1297934614
1305360445
1312317235
1319355040
1326693076
1334372161
1342094361
1349155665
1356727175
1363618317
1370712387
1377267645
1385079442
1392781071
1400716768
1408114129
1415263199
1421595980
1428729320
1435594475
1442190851
1448990530
1455631620
1462008532
1468354563
