1499.81
1255.25
1055.66
883.7
751.139
639.525
546.498
465.783
393.696
347.933
299.999
262.954
234.261
215.54
200.998
179.051
159.895
150.803
133.03
132.207
123.416
113.546
108.158
95.2812
92.808
88.3984
102.882
81.6981
80.9377
80.8898
80.3593
81.5197
76.8659
70.9569
65.1108
71.6018
69.2309
60.7262
57.4313
63.8321
53.9903
54.7831
61.5321
65.4934
61.1239
60.4744
57.039
62.0582
52.6052
46.7201
52.4035
54.7065
56.0429
51.2357
52.4136
51.2352
50.4548
53.0374
49.0587
49.7449
50.6104
40.4606
53.1899
45.2016
46.5137
42.3774
42.6669
48.5849
40.9237
41.7572
46.026
43.1319
42.6392
45.2484
47.0992
39.6773
42.7418
43.6774
39.8092
40.2683
39.8346
41.0066
41.7816
36.1283
40.9847
39.7499
40.5927
37.0696
38.9365
36.2083
33.812
35.6379
35.0665
38.4017
34.0049
32.9702
39.0002
34.5376
39.0245
31.745
32.7669
31.7991
31.1755
39.1213
35.1864
36.6311
30.4333
36.7202
31.7672
33.215
32.0794
33.1946
30.3566
33.3822
32.4716
35.2047
32.0777
29.6545
30.1048
26.1921
27.4781
29.8472
27.8946
30.708
27.3182
27.0538
26.8904
25.2805
27.3388
29.0027
26.865
22.0639
25.8158
24.6164
23.2736
24.8884
26.1085
25.1722
20.7844
23.0562
25.3751
26.1686
24.6293
25.7235
22.6527
23.6098
24.3644
22.9789
24.2346
25.2321
23.3927
22.1577
23.3454
23.1117
23.4974
22.6536
22.1209
20.6634
24.0531
20.9929
22.5797
22.7426
20.9575
21.2926
21.7836
22.3254
20.0534
23.3623
21.1521
21.7326
22.3359
17.6047
21.9716
20.8557
17.8508
21.1186
18.9093
19.3219
19.6354
17.9757
18.4735
20.1532
18.6979
18.8504
17.7002
16.9675
19.1068
17.371
17.3201
16.8258
19.2507
16.5003
16.5439
16.5122
16.8102
17.2019
17.2112
16.9115
17.2445
16.5369
