38887291
46546280
53778416
60533051
67594768
74410025
81341388
88067935
95420035
101952269
108731856
115399042
122093686
128676744
135417468
142391679
149072823
155512438
162591851
170303660
177765997
185051779
191520038
198702565
205330604
211822168
219139385
226068630
233360850
239647471
246105624
252410943
258781882
265426816
272025717
278850990
285621470
292356105
299625098
306595022
313552495
320165469
327179646
334240529
341249207
348061491
355887438
363603935
370889892
378172904
385481600
392241813
398913436
406174533
413026078
420332528
428314019
435498016
443298363
450864101
457538115
464013107
470575839
477471065
484713410
491429802
498058794
505492672
513042064
519958483
526702566
533580307
540277501
547811908
554782645
561461486
568116321
574866316
581986941
589096979
596173725
603465479
610533172
617675016
624076067
630787790
638046440
645673042
653215536
661105611
668347466
676220485
683158888
691081634
698587413
706272151
713006866
720202893
727312603
735853687
743001425
749665706
756883972
764795414
771389076
778958932
786306340
793762285
800717421
807663567
814654402
823368396
830645096
837341193
844578068
851680361
859636591
867187476
873640445
880545397
887737377
895118216
902127769
909330129
916289764
923087447
930300036
937074464
943784485
950460660
957626170
964044924
970767285
977773771
985001097
992108633
999158816
1006096219
1013114728
1019835552
1027301207
1034653120
1041711372
1049327736
1057035324
1064391672
1071631562
1079425571
1085981337
1093374465
1099939391
1107094153
1113899853
1120847340
1128070244
1134548182
1141897160
1148875714
1156187189
1162531884
1169079455
1175920226
1183471205
1191328270
1198506093
1205034746
1212540174
1219604536
1226095129
1233021367
1239891031
1246697529
1253638992
1260839888
1268355342
1275678152
1282544894
1289197625
1295443122
1302744448
1309350421
1315904921
1322218906
1328380325
1335003172
1341937509
1348650972
1355664567
1362338218
1369291086
1376323366
1383081469
1390536991
1397400241
1404254600
1411085735
1418640512
1425598362
1432859839
1440147164
