0.647766
0.594276
0.547029
0.505475
0.468828
0.436159
0.406991
0.380036
0.355964
0.335192
0.317014
0.301496
0.288272
0.276855
0.265987
0.25777
0.250259
0.243488
0.236985
0.23161
0.226786
0.223004
0.220268
0.217475
0.214304
0.211413
0.209024
0.206651
0.204566
0.202742
0.201648
0.200927
0.200751
0.199799
0.199257
0.198015
0.197829
0.196984
0.196423
0.196282
0.195809
0.195416
0.195153
0.195238
0.194841
0.195016
0.194837
0.194287
0.193789
0.193717
0.193697
0.193286
0.19252
0.192362
0.192596
0.192264
0.192241
0.192133
0.192061
0.19205
0.192056
0.191845
0.191384
0.19136
0.191314
0.191432
0.191478
0.191396
0.191237
0.191336
0.191266
0.191875
0.191814
0.191483
0.191429
0.191161
0.191404
0.191499
0.191704
0.191782
0.191486
0.19131
0.191054
0.191127
0.191348
0.191117
0.191097
0.190961
0.190881
0.1908
0.190886
0.190932
0.190696
0.190573
0.19058
0.190596
0.190535
0.190524
0.190685
0.190444
0.190638
0.190743
0.190875
0.190963
0.190823
0.190915
0.190966
0.190936
0.191091
0.191256
0.191287
0.191289
0.191374
0.191388
0.191364
0.191333
0.191205
0.191219
0.19107
0.190902
0.190824
0.190682
0.190829
0.190813
0.190605
0.190661
0.190734
0.190674
0.190778
0.190833
0.190803
0.190915
0.190835
0.19083
0.19066
0.19058
0.190537
0.190546
0.190636
0.190495
0.190471
0.190395
0.190288
0.190493
0.190475
0.190466
0.190478
0.190612
0.190819
0.190926
0.190973
0.191021
0.191069
0.191235
0.191209
0.191187
0.191224
0.191278
0.191151
0.191213
0.191254
0.191337
0.191268
0.191282
0.191377
0.191395
0.191308
0.191219
0.191255
0.191219
0.191188
0.191482
0.191435
0.191434
0.191466
0.191376
0.191386
0.191447
0.191646
0.191618
0.191614
0.191718
0.191732
0.191693
0.191806
0.191698
0.191794
0.191908
0.191966
0.191999
0.192003
0.192068
0.192062
0.19204
0.192023
0.192073
0.192092
0.191957
0.19195
0.191857
