37746280
44584415
51478292
57882906
64497894
70963120
77994774
85369236
93084007
100690664
107913949
115326845
122708211
129961282
137334289
143984836
150831425
157057432
164399414
171362825
178067919
185013326
191783532
199360732
206794135
213366957
219948721
226152654
232645466
240423584
247161660
253626934
260090886
266668679
273722360
280663626
287275909
294141334
300613976
307428154
314503884
321259530
328167666
334820930
342032015
350019608
357789792
365159210
372562479
380326904
387754798
394764702
402215729
410076129
417979386
426740330
434671374
443028584
450421002
458603231
467173163
475472149
482764167
489785397
496766262
504038974
510824033
517977392
526095634
533467739
540721274
548474432
556429379
563676967
571510597
578668280
585336374
592715512
599171424
606031440
612753859
619280684
626244285
633919413
641392359
649116229
655861271
662244996
668943240
675733647
682354596
689916102
696825068
703438152
710213522
717629883
724918142
733035534
741029548
748828003
756451730
764365052
772915344
780278311
787494919
794843012
802028511
809774450
816896937
823725484
830938605
837351911
844277659
851239836
857962132
865116675
872104650
878971276
885722473
892503857
899018451
905436652
912891597
919693919
926699056
933265806
939461678
946027667
952757425
958895797
965891750
972862057
979933588
987504007
994760205
1001483290
1009277003
1016771757
1024750963
1032236474
1039801087
1047838931
1055212721
1062082546
1069341520
1075608708
1082590707
1089042683
1096622720
1103352552
1110454370
1117573520
1125294431
1132129515
1139795502
1147358378
1155412786
1163395861
1170889377
1178373018
1186042451
1193207684
1200691986
1207218860
1214743819
1221313646
1228603707
1236089833
1243364384
1250636939
1257316097
1264903928
1272580126
1279954442
1286795485
1293234374
1300411415
1308394177
1315216746
1322097862
1328929181
1336004312
1342957871
1350040744
1357709351
1365310138
1372966920
1379812678
1387348542
1395120516
1402379555
1409351895
1416327342
1423424376
1430302890
1437871332
1444764040
1451602437
1459323235
1466173518
