0.950168
0.96252
0.970194
0.97116
0.972722
0.973224
0.97344
0.97545
0.976638
0.976398
0.977224
0.977658
0.97891
0.978874
0.98031
0.981544
0.981256
0.982716
0.98322
0.983746
0.984366
0.98433
0.984302
0.984314
0.98441
0.98475
0.98488
0.984852
0.984962
0.985194
0.98532
0.985752
0.985936
0.986086
0.986446
0.986718
0.986686
0.9866
0.986596
0.986512
0.986572
0.986212
0.986336
0.986272
0.986324
0.986376
0.986552
0.986592
0.98662
0.986848
0.986888
0.98692
0.98684
0.986024
0.98602
0.986204
0.986304
0.986392
0.986172
0.986188
0.986296
0.986356
0.986048
0.985828
0.985868
0.985952
0.985952
0.985816
0.985852
0.985876
0.98594
0.985936
0.986188
0.986292
0.986192
0.986712
0.98666
0.986756
0.986816
0.98686
0.986808
0.986812
0.987016
0.987072
0.98706
0.987088
0.987036
0.987012
0.987052
0.987064
0.986952
0.98696
0.987036
0.986936
0.9871
0.98708
0.987136
0.987176
0.987268
0.987208
0.98724
0.98728
0.987288
0.987376
0.987384
0.987412
0.987412
0.987396
0.987428
0.987416
0.987576
0.987508
0.987464
0.98754
0.987604
0.98762
0.987596
0.9876
0.987556
0.9875
0.987504
0.987464
0.987484
0.98752
0.987584
0.987556
0.98756
0.987556
0.987596
0.987604
0.987564
0.98754
0.98752
0.987548
0.987536
0.987552
0.987592
0.987612
0.987624
0.987592
0.987624
0.987592
0.987612
0.987596
0.987644
0.987568
0.987572
0.98752
0.987524
0.987524
0.98746
0.987568
0.987572
0.98752
0.987564
0.987496
0.9875
0.987536
0.987552
0.987572
0.987648
0.987744
0.987744
0.987656
0.987704
0.987764
0.987744
0.987692
0.987616
0.987608
0.987644
0.987724
0.98778
0.98778
0.987828
0.987804
0.987816
0.987816
0.987776
0.987752
0.987724
0.987736
0.987808
0.987836
0.987836
0.987832
0.987804
0.98778
0.98782
0.9878
0.987792
0.98784
0.987836
0.987844
0.987884
0.987856
0.98778
0.98778
0.987756
0.987684
