1499.81
1298.63
1129.16
980.187
858.096
752.198
672.719
582.021
524.675
459.078
415.588
378.674
337.247
324.913
295.75
279.915
268.381
252.359
231.214
214.199
213.891
193.323
192.326
175.289
183.882
169.369
192.875
163.857
158.482
160.746
155.873
156.902
153.607
138.588
140.628
140.016
138.396
129.908
123.284
133.714
123.75
121.849
117.262
122.892
126.555
128.535
121.383
124.242
106.723
101.665
114.226
116.706
113.717
109.687
108.321
103.614
102.233
116.067
105.682
107.684
103.655
100.782
107.561
100.973
101.868
97.5413
103.83
95.4144
89.2794
95.1792
96.8218
89.3821
92.615
93.4422
93.171
93.9115
83.8795
85.9043
86.4001
85.0793
90.5706
90.0408
96.8311
77.9729
79.6897
85.0433
79.6225
77.6783
75.419
84.6645
71.5886
83.7625
72.2762
82.3079
75.6561
77.2796
74.4336
72.1761
80.349
71.0958
66.7494
68.856
64.0593
83.0783
69.3828
71.3018
67.7124
67.8643
74.2779
75.3361
70.9803
69.0247
62.2773
69.2719
72.0013
66.4421
65.65
67.5043
66.6908
56.3316
59.7568
69.3834
58.687
65.7468
61.1057
62.1153
57.0656
56.1275
61.1554
58.3266
62.854
53.6774
55.2909
55.6303
53.8022
51.7021
58.1824
55.5104
49.3906
52.9015
53.5537
54.0919
53.7265
52.196
50.6135
52.4979
52.8734
53.3387
52.3249
55.4968
51.3306
47.3866
48.7057
46.3161
51.1789
46.7706
47.8225
43.8687
46.7539
46.2698
48.9799
43.4621
49.3491
42.7102
47.7714
49.4341
44.1928
49.2098
49.4682
43.7615
48.565
41.1026
48.4072
45.4835
40.7332
43.9795
39.6947
43.4503
40.6552
39.1283
44.4383
39.3209
43.9673
44.3845
39.5663
39.3351
40.5931
36.0364
40.5564
39.624
39.8772
39.3618
37.5691
34.787
39.1629
39.0018
36.2067
38.3312
35.6625
32.9998
