0.644368
0.587741
0.536842
0.491279
0.451042
0.415568
0.384577
0.357415
0.333068
0.312694
0.295027
0.280227
0.266633
0.254353
0.244769
0.236427
0.229555
0.223422
0.218327
0.214128
0.210622
0.207499
0.205054
0.202875
0.201025
0.19971
0.198461
0.197822
0.197383
0.195824
0.195003
0.19425
0.193751
0.193548
0.193408
0.193328
0.192993
0.192835
0.193077
0.1927
0.192466
0.192288
0.192311
0.192146
0.191769
0.191255
0.190971
0.191061
0.191022
0.190948
0.190533
0.190641
0.190742
0.190542
0.190436
0.190467
0.190151
0.19022
0.190289
0.190106
0.189961
0.189922
0.189777
0.189813
0.189904
0.189796
0.189541
0.189743
0.189717
0.189621
0.189412
0.189385
0.189382
0.189677
0.189441
0.189566
0.189554
0.189391
0.189538
0.188767
0.188948
0.188896
0.189083
0.189176
0.189326
0.189387
0.189425
0.189516
0.189639
0.189692
0.189434
0.189347
0.189317
0.189153
0.189255
0.189296
0.189272
0.189376
0.189393
0.189438
0.189571
0.189297
0.189432
0.189477
0.189548
0.189505
0.189402
0.189492
0.189383
0.189524
0.18972
0.189789
0.189601
0.189552
0.189347
0.189357
0.189256
0.189186
0.18932
0.189249
0.189285
0.189267
0.189136
0.189278
0.189535
0.189617
0.189608
0.189632
0.189506
0.189564
0.189555
0.189516
0.189635
0.189583
0.189582
0.189708
0.189726
0.189755
0.189666
0.189819
0.189788
0.189862
0.190049
0.19006
0.190181
0.19015
0.190159
0.190124
0.190188
0.190169
0.190186
0.190037
0.190046
0.190147
0.19016
0.190252
0.190196
0.19024
0.1902
0.190288
0.190486
0.190269
0.19031
0.1902
0.19026
0.190261
0.190251
0.19017
0.190109
0.189856
0.18972
0.189684
0.190085
0.189952
0.189896
0.189983
0.190006
0.189938
0.189922
0.19009
0.190199
0.190156
0.190058
0.190197
0.190209
0.1903
0.190411
0.190414
0.190528
0.190608
0.190474
0.190523
0.190664
0.190682
0.190711
0.190761
0.190831
0.190745
0.190804
0.190845
