0.11224
0.997332
-0.000395632
0.984725
0.985137
-0.0481626
-0.0568664
-0.0129409
-0.0663564
-0.0589363
1.03388
0.964849
0.125426
0.979422
0.0669023
0.998053
0.956864
0.98461
1.11908
0.965496
0.0139559
1.00063
0.961312
0.890566
0.995018
0.0608996
1.00273
0.999329
0.00600409
0.243573
1.19272
1.08571
0.0466378
0.983958
0.975697
1.00852
0.0342713
1.00894
0.0779198
0.0181099
0.981927
-0.00723225
0.932425
1.02202
-0.0410479
-0.0684705
0.97336
0.100097
0.629992
0.0436277
-0.0276481
0.0164719
-0.00836358
0.0390552
0.961591
1.01582
0.0750447
0.0365674
0.509138
0.92805
0.998556
-0.0151738
0.065538
1.01136
0.29608
-0.00673828
0.962239
1.0037
0.910758
0.973035
-0.0607518
0.0582613
0.0894548
1.00185
0.709441
0.985493
0.234084
0.0909623
0.988765
0.997545
0.0261387
1.01667
0.647856
1.00127
0.239678
1.01801
0.119404
0.978624
-0.00740301
0.939981
1.06984
0.893529
-0.0855838
-0.0340777
0.977176
0.27162
0.985457
0.354359
0.257576
0.98827
0.08912
-0.109062
0.711557
1.00871
0.99643
0.991851
-0.0601092
0.968006
1.09721
-0.0183178
0.587601
-0.120973
0.915291
-0.00218308
1.40134
0.995133
-0.0664663
0.0468689
0.0286061
0.965371
-0.0611192
1.03211
0.0163586
0.957244
0.0950342
-0.0851316
1.02974
0.0937194
0.0230301
0.051963
-0.0506622
0.165277
-0.0292136
0.954821
-0.0318437
1.02609
0.983358
0.976071
0.000225172
0.995494
0.982116
0.995424
0.0892897
1.01194
0.970786
0.856362
-0.0189208
1.0154
0.764488
0.0347184
0.955686
0.035286
1.0331
1.08771
0.99899
-0.0568179
0.999321
0.0830313
0.931902
0.118558
0.974392
-0.0869511
1.01502
0.068563
0.283789
-0.00118384
0.16535
-0.026445
0.974039
1.00467
0.985005
0.992362
-0.000121574
-0.034199
0.847627
0.996011
0.994691
0.615439
0.995484
0.00415433
0.0724792
0.965758
0.0497241
-0.0378529
0.0543777
0.975329
0.875372
0.942108
0.995729
0.212721
0.979116
0.449879
0.994096
0.0254734
0.967335
0.113243
-0.0134888
-0.0184603
0.991123
0.99777
1.06681
1.00112
0.00234268
1.01633
-0.00912914
-0.0118412
0.981631
-0.0355276
1.00758
0.234903
1.13977
0.0448429
1.00629
0.994435
0.054108
-0.0397246
0.863131
-0.0469896
1.06612
0.0590515
1.14115
0.965001
0.0255602
0.994646
0.0636522
0.134202
0.971689
0.849629
-0.113599
0.67313
0.0557296
-0.0500094
1.03696
0.0268758
0.106995
-0.0972941
-0.106994
0.969293
0.0752671
0.646073
0.580483
0.132118
-0.00486955
0.0158982
-0.0253545
0.153617
1.03449
0.38281
1.01869
1.01141
0.746908
1.02033
1.0033
-0.00291224
1.00871
-0.0681625
0.993039
0.830835
0.220195
0.982908
1.01621
-0.0819948
-0.0572921
0.538955
-0.0466528
1.10833
0.00661649
0.987173
1.02126
0.170305
-0.0527248
-0.0063531
0.615575
0.211315
-0.0191588
-0.0129232
0.0135404
1.01055
1.01819
1.05667
1.03316
0.986981
-0.0303199
1.01188
-0.0159185
-0.121448
0.0443095
0.954874
-0.0183952
0.981687
-0.130547
0.230834
0.0695925
1.0121
0.00221138
1.02502
1.26172
0.911119
0.985511
0.149246
1.0337
1.01042
0.164443
-0.0872708
0.00942018
0.0749159
0.0364524
0.972061
0.246755
0.668619
1.04444
1.00169
-0.00442409
-0.0197251
0.961404
0.98396
-0.0254879
-0.0228365
1.00676
0.140519
0.0088303
-0.103886
1.00161
0.0167609
0.976645
0.0292109
1.06826
0.994112
0.123672
0.029731
0.995348
0.0688735
-0.00307785
0.800695
0.00554123
1.02429
0.936051
0.128045
0.982112
1.03917
1.00748
0.894403
0.771546
0.45719
-0.0317222
0.451816
1.06188
0.860223
1.06609
-0.0126224
0.977505
0.00801232
0.975374
0.0960691
0.0270749
0.233391
0.99755
1.02396
0.962839
0.436754
1.06253
1.03536
1.02367
0.348926
1.0282
-0.0162756
0.015994
0.988409
0.0430176
0.969567
0.0850086
-0.0157642
0.88599
0.253835
-0.00101129
-0.0154918
-0.0118209
1.02279
0.997445
-0.00236677
0.400012
1.00614
0.989927
0.12748
0.280357
-0.0111346
0.00615493
0.176427
0.693054
0.655732
0.141133
1.00966
0.838438
0.101254
0.0674296
0.0932896
1.01083
0.0356797
0.77808
1.00175
0.991729
0.994968
-0.0279495
1.0033
1.01917
0.26952
-0.0433312
0.254995
-0.0498648
0.49909
-0.0313345
1.01653
-0.0159509
-0.0325244
0.769854
0.966879
0.265534
0.0846687
-0.0232683
0.0171745
0.979968
0.990943
0.999384
0.283644
0.980782
-0.0192171
1.01283
0.973047
-0.0593467
0.0828794
0.351147
0.0645627
-0.000658399
0.97022
0.0856461
0.908594
0.999315
1.02596
0.993303
0.994102
-0.0812354
-0.0533643
0.0331696
1.02829
0.991354
1.0214
0.690562
-0.0172665
0.0163246
-0.0131094
0.0400877
0.931782
-0.0489998
1.07635
0.234338
0.902683
0.137105
-0.010967
1.00302
-0.0496066
-0.0105028
1.00898
1.05074
0.0154638
0.927672
0.470705
1.01435
0.0754486
0.98216
0.0281651
0.974697
-0.0499241
0.0583423
0.928594
1.02021
1.00788
1.00995
0.0399936
0.00777547
1.03047
0.972395
0.826137
-0.116222
-0.0429129
1.01711
0.982222
0.48813
0.89776
1.01642
0.111512
0.0277956
1.07035
0.879266
0.0286312
-0.0288909
1.08897
0.87813
1.01962
0.981768
0.0118859
0.759594
1.01203
0.0447218
-0.0698
0.565915
0.179965
-0.0492394
1.05067
0.235114
1.01116
0.0143573
0.978022
1.02329
0.0640162
0.00563673
0.00451903
0.214528
-0.0170083
-0.0313902
0.0733417
0.0401765
-0.0161232
0.938158
0.969304
0.685163
0.0578507
0.0520959
0.996209
0.570228
1.01645
0.0285095
0.00959377
0.806185
0.0118661
0.837011
0.976063
-0.117472
0.999014
0.000484024
0.963613
0.0219516
1.03619
-0.024637
0.0347519
0.173976
-0.0775411
0.990304
1.00164
1.02717
0.974844
0.99225
0.137307
0.047987
0.0128463
0.98368
-0.0451986
1.01549
0.699096
0.0541814
0.993897
1.11074
0.985294
0.983779
-0.0286391
0.0420144
1.01322
0.0153446
0.0175356
-0.021537
0.0634689
1.00781
0.980153
-0.237111
1.00307
1.02423
0.416548
0.990493
0.845347
0.922394
0.0448061
0.0413433
0.0637915
-0.0396183
0.551633
0.997803
-0.0108789
0.203228
-0.0398309
1.04247
0.985836
0.99994
0.157749
0.104527
-0.0580993
0.12006
0.964494
0.0104673
0.792515
1.03779
-0.0773889
0.614099
0.93645
0.20056
0.789719
0.00436021
0.0106708
0.0308698
-0.0501583
1.00665
1.01615
0.959285
1.01948
1.05611
-0.0253182
0.867419
0.0152603
0.0101876
-0.00879586
-0.0190256
0.846168
-0.0436473
0.219054
0.0505612
0.631979
1.00906
0.995715
0.996865
-0.00958971
-0.0407768
-0.0991863
0.0483234
0.989088
1.08002
0.0534685
1.01048
1.05538
-0.00590043
1.04532
1.0259
0.995921
0.0167912
0.99551
0.225743
0.41815
0.315788
-0.0859065
-0.0562589
1.07526
-0.0724652
0.995775
-0.0189285
0.135829
-0.25662
0.959044
0.247562
-0.0480694
0.0645851
0.243082
-0.0803597
1.03511
1.06342
1.03751
0.956698
0.033469
-0.00466633
-0.0375178
1.00191
-0.0190114
0.1512
1.01987
-0.00817703
-0.0450446
1.03452
1.01449
0.194153
0.0203123
-0.0235069
1.00094
-0.0679219
1.06425
0.0155368
0.893596
-0.00411988
0.989542
1.15401
0.0175602
1.03179
0.534906
0.97068
1.05927
1.0399
0.00240994
1.01995
0.997729
0.108438
0.0474001
-0.00660455
0.0503956
0.985154
0.196359
0.995204
-0.0116156
0.0788537
0.999899
0.00168388
0.0550531
0.691867
0.976254
0.385711
0.036004
0.977455
1.01632
0.0556551
-0.0730023
0.986248
0.17664
-0.066852
8.28427e-05
0.100067
0.998443
0.910291
1.03322
0.997905
0.996289
1.00821
0.905389
-0.13299
-0.107183
0.976495
0.0629531
1.00973
1.01984
0.998631
0.69537
-0.0746063
0.051591
0.349592
1.05237
1.03306
0.969493
-0.00579926
-0.0613037
-0.0251888
0.056298
1.02417
-0.0601888
1.29421
-0.0161678
1.04001
-0.041754
0.0518899
0.95443
-0.0445851
1.03456
-0.00737137
0.779718
1.04391
-0.0804548
0.980297
0.980865
0.9968
0.654144
0.977827
0.131377
1.01732
0.987939
0.101511
1.0374
-0.0165251
0.793404
0.0296585
-0.0739016
0.812121
0.998554
-0.00290456
1.03609
0.0814899
0.818804
0.991388
-0.0142195
0.0268074
0.190964
0.0536872
-0.0162248
0.423599
0.611633
0.041993
0.287572
-0.0138474
0.000550718
-0.00373936
-0.0365017
0.996177
0.164406
0.853295
0.00906681
0.940614
0.958761
0.0309847
1.01699
-0.0398896
0.989106
0.0215835
0.313852
-0.0857045
0.917282
1.0078
0.380316
-0.0352453
0.0289065
-0.200194
0.972175
0.229688
0.994247
1.14849
1.01683
0.0725278
-0.0521131
-0.0627797
1.00564
1.01419
0.913226
0.965731
0.990383
-0.0329924
-0.0184599
1.00735
-0.00423677
-0.0501908
0.988261
-0.0367216
1.02111
-0.0516552
0.480754
1.00339
0.999975
-0.0103907
0.0576002
0.0265826
1.0039
0.994917
0.270383
-0.047514
0.929385
0.789021
1.08558
0.229964
0.00542803
0.998871
-0.0295941
0.0307503
-0.0484237
0.463621
-0.0612484
1.01988
-0.00536149
-0.0125274
1.0143
0.996162
1.02167
-0.0177723
0.950202
-0.00600844
-0.0254933
-0.0283774
0.996725
0.962483
-0.0134413
0.991015
1.03156
0.989495
-0.0347056
0.00539123
0.985382
-0.00806
1.2217
0.155735
-0.0219178
1.08711
0.723556
0.0274299
-0.0327203
0.37321
1.01339
1.09529
0.334565
0.00794503
0.981453
0.97477
1.00151
-0.0325606
0.58219
0.972466
0.64307
0.0187055
0.620275
1.15841
-0.277532
0.653683
-0.0606798
-0.0131852
0.0520727
-0.0307062
-0.0583562
0.97763
0.467702
0.0260828
0.20678
0.76711
0.0617013
0.947703
0.99905
0.20068
0.98807
-0.044253
-0.0227987
0.359278
-0.0525131
1.01667
0.998094
0.944091
1.02259
1.01202
-0.0620728
1.01003
0.76875
0.968133
0.181061
0.0208315
-0.0160064
-0.0101332
0.0673427
-0.0175164
0.0420289
1.11389
0.0622371
0.865958
0.908927
1.05553
0.0722471
-0.0888135
0.872041
0.531017
1.00927
-0.00366384
0.989589
-0.00432249
1.04482
-0.0274844
0.986153
0.659753
0.949001
0.38922
-0.00439719
1.01746
0.97799
0.0422419
0.999535
1.00859
1.00028
0.173916
1.01576
0.0161802
0.811345
0.993576
-0.00914198
1.00382
1.00746
0.996312
-0.026989
0.0375955
0.98588
0.0140718
1.00214
-0.151119
-0.00413388
0.0142863
0.941043
0.712153
1.01798
0.977199
0.184847
0.101945
0.970301
0.108518
-0.025094
0.971115
0.975955
1.0265
0.254637
-0.0523223
0.996575
0.0451391
0.893291
-0.0197078
0.0105036
1.10375
0.971078
-0.0508185
-0.0512009
