0.93794
0.954496
0.963896
0.96758
0.972206
0.973572
0.9748
0.974736
0.976844
0.977162
0.977732
0.979606
0.978982
0.98167
0.98212
0.983344
0.983464
0.983256
0.983288
0.983498
0.984256
0.98414
0.984716
0.984966
0.984068
0.985352
0.983826
0.984066
0.983874
0.984532
0.98454
0.984056
0.984284
0.98434
0.984464
0.984568
0.984892
0.985148
0.985276
0.985272
0.985388
0.985486
0.985466
0.985534
0.985558
0.98561
0.98562
0.985736
0.985664
0.985708
0.985772
0.985756
0.985852
0.985888
0.985964
0.98602
0.986056
0.986076
0.986088
0.986132
0.986168
0.986148
0.986136
0.98618
0.986236
0.98638
0.986424
0.986368
0.986424
0.986484
0.986528
0.986656
0.986652
0.986896
0.98696
0.987008
0.986952
0.98696
0.986932
0.986888
0.986912
0.986956
0.986968
0.986952
0.986972
0.986928
0.986888
0.986908
0.98688
0.98688
0.98682
0.986856
0.986852
0.986848
0.986812
0.98686
0.986932
0.986868
0.986848
0.9868
0.986772
0.986764
0.986764
0.986764
0.986776
0.986784
0.9867
0.986668
0.986708
0.9867
0.986656
0.986668
0.98668
0.98672
0.986716
0.986712
0.986752
0.986776
0.9868
0.986792
0.986796
0.98678
0.986772
0.9868
0.986784
0.986756
0.98678
0.986828
0.98676
0.986768
0.986756
0.986716
0.986728
0.986704
0.98668
0.986716
0.986676
0.98668
0.986708
0.986588
0.9866
0.986572
0.98652
0.986484
0.986456
0.986424
0.986428
0.9864
0.986352
0.986388
0.986352
0.986296
0.986292
0.98626
0.986264
0.986216
0.986252
0.986212
0.986236
0.9863
0.986288
0.986344
0.986476
0.986464
0.986524
0.986484
0.986492
0.98644
0.986468
0.98644
0.986488
0.986504
0.986464
0.986448
0.986368
0.985932
0.985908
0.985872
0.985896
0.98594
0.98598
0.985968
0.985948
0.985956
0.985972
0.985964
0.985972
0.985932
0.98592
0.985964
0.985976
0.985976
0.985988
0.985952
0.985908
0.985884
0.985884
0.9859
0.985916
0.985936
