61407963
93056934
100314674
107701541
114779713
121837691
128652673
135640297
142295908
148925738
155627397
162951667
170411689
177474872
184626061
191021788
197403663
204493807
211374491
218494498
225365832
232256701
239128849
246268259
253005984
260025513
267153111
273767194
280403632
287545431
294274714
301232042
307312188
313426272
319393191
326346980
332900789
339520418
346083366
352482207
359383337
366090122
372698516
379167701
386721969
393939849
401228056
408649965
415559436
423165952
430253524
437794301
444904411
451770360
458197199
464347586
470336496
476663264
482485384
489437438
496328138
503129609
510418359
517263577
524593769
532843886
540755791
549447625
557764670
566075203
574259363
581666310
588672652
596375586
604219727
612731299
621474014
628949302
635553071
643276585
650730608
658231251
665573650
673073806
680854538
688845408
696497085
704116389
711738809
719411357
727978426
735767738
743654943
751562962
759774219
768135811
775017325
781962876
789641603
797718612
804827646
812593826
820364231
828176183
835172722
841846144
850358008
858403959
864848813
870967052
878217123
885755740
892704213
899305123
906578245
913879695
921367258
928429582
935079986
942988025
950049047
957446232
964591809
971946071
978915157
986358478
993273232
1000167363
1007956091
1015808109
1023249579
1030902131
1037955867
1045570832
1052998316
1060344811
1068050175
1075304061
1082951882
1090212615
1098451005
1105153543
1111450862
1119785256
1126807231
1133789605
1140811060
1147104530
1154445148
1162081014
1169755763
1177079169
1184321563
1192240584
1199405145
1205878280
1213380464
1221023905
1228510430
1235568825
1242637994
1249985088
1256413920
1263304330
1270125454
1276561982
1283377525
1289851971
1297188323
1304668192
1312235166
1319780687
1326927958
1334685003
1342184580
1349878309
1356505234
1364513491
1372120362
1379691350
1386577815
1393476133
1400805740
1408656891
1415694964
1424270094
1432015419
1440226540
1447709408
1454821152
1461788158
1468832241
1475471736
1482951395
1489981972
1496459057
1504185017
1511755730
1518366284
1525695787
