1499.81
1255.25
1055.78
883.966
752.255
645.172
556.706
470.932
412.282
367.823
322.004
287.714
257.616
247.641
231.8
209.574
190.681
185.953
164.79
159.581
159.888
147.229
130.43
116.862
121.581
112.992
139.484
107.687
103.375
106.973
101.123
101.813
106.813
91.3357
88.4889
94.6118
87.9156
84.7448
78.984
86.3826
77.254
74.2699
78.7536
85.0608
80.3176
79.784
77.6213
74.4607
69.2124
61.6971
72.3202
71.2061
75.1672
69.0085
72.2355
68.67
68.2169
70.5417
66.8167
65.5679
62.7935
57.4734
62.7612
62.2193
63.1107
56.547
59.6575
68.1655
58.5839
59.6972
62.4796
59.3944
55.5725
60.0808
62.0356
53.4091
56.5061
56.2188
55.3433
59.8493
54.6369
55.8831
54.9916
43.76
54.9677
52.7569
52.8482
48.8247
50.7635
54.0561
47.1968
50.2283
47.7625
52.9235
45.8677
49.6028
49.4981
47.2913
50.8507
45.1392
44.0823
44.8739
42.9827
54.8494
46.9424
45.6517
41.5451
45.2896
43.0184
51.1118
42.8955
44.5013
38.719
44.7387
43.0609
43.3393
40.9377
41.0326
38.9844
35.1543
35.2691
43.2771
37.4239
43.1696
38.5492
37.0496
35.4459
33.8315
38.7148
38.6045
36.5429
28.909
33.6953
32.7579
32.7857
31.0695
33.7649
34.5969
29.2692
31.8696
34.065
35.572
31.585
34.4833
31.1656
28.8654
32.8357
30.4275
30.4278
32.4429
28.365
28.9641
29.5645
28.0699
30.7928
31.9556
30.3148
27.3947
29.5317
28.6489
30.78
29.9413
28.9004
26.8252
29.9514
29.8645
27.2393
31.0193
26.9098
25.6479
30.1451
24.299
28.2963
27.2822
24.4913
25.5645
24.3954
23.3169
24.4561
23.8587
25.4943
23.9149
24.2476
25.1416
24.7513
23.0228
24.6853
22.0355
22.5838
21.3407
22.9563
22.0841
20.281
20.0053
21.9889
21.8604
20.5558
20.7027
19.653
20.3943
