0.947956
0.9548
0.963082
0.966032
0.968006
0.969784
0.973424
0.974078
0.974942
0.976026
0.975984
0.977234
0.97908
0.980496
0.98126
0.981488
0.980892
0.981088
0.981448
0.981944
0.981574
0.98227
0.982782
0.982614
0.982498
0.98224
0.982418
0.98231
0.982502
0.982498
0.982966
0.98329
0.983702
0.984124
0.984296
0.98456
0.985448
0.98553
0.985558
0.985616
0.98558
0.985598
0.985282
0.985166
0.985358
0.985458
0.985478
0.985798
0.985726
0.985874
0.985998
0.986448
0.986716
0.986724
0.987028
0.986992
0.986992
0.987104
0.987192
0.987316
0.9873
0.987142
0.986874
0.986658
0.986614
0.986534
0.986532
0.985708
0.98574
0.985868
0.985884
0.985972
0.986108
0.986172
0.98628
0.986264
0.986384
0.986464
0.986432
0.98622
0.986148
0.986132
0.986248
0.986192
0.98614
0.986116
0.986048
0.985996
0.985984
0.985952
0.985876
0.986128
0.986172
0.986148
0.986124
0.986124
0.986208
0.98622
0.986192
0.9861
0.986036
0.986124
0.986148
0.986116
0.986276
0.986432
0.986744
0.98682
0.98692
0.987348
0.987452
0.9875
0.987576
0.987468
0.987332
0.987424
0.987468
0.98738
0.987364
0.987376
0.987528
0.987472
0.98744
0.98764
0.987624
0.987676
0.987596
0.987568
0.987492
0.987392
0.987324
0.987388
0.987292
0.987284
0.98724
0.987292
0.987264
0.987084
0.987116
0.987128
0.987168
0.98722
0.987292
0.987272
0.987184
0.987212
0.987268
0.987284
0.987408
0.987236
0.987204
0.987132
0.986932
0.98686
0.986864
0.987096
0.987036
0.986968
0.986988
0.987128
0.98708
0.987024
0.987064
0.987144
0.987196
0.987084
0.987048
0.98706
0.987076
0.987024
0.987056
0.987084
0.987068
0.987084
0.98712
0.987448
0.987364
0.98736
0.9873
0.987196
0.987144
0.987108
0.9871
0.987108
0.98714
0.98706
0.986956
0.986952
0.987
0.98702
0.987052
0.987356
0.987416
0.98738
0.987372
0.98736
0.98736
0.987452
0.987404
0.987412
