0.941632
0.956942
0.973316
0.978384
0.979838
0.98264
0.984282
0.984938
0.98553
0.985738
0.985798
0.985922
0.985986
0.986396
0.98672
0.986932
0.986972
0.987084
0.987362
0.988298
0.988286
0.989918
0.990058
0.989954
0.989714
0.989372
0.989712
0.989986
0.990046
0.9901
0.990164
0.989772
0.989828
0.988804
0.988952
0.989194
0.988778
0.988762
0.988882
0.988848
0.988948
0.989088
0.989168
0.989204
0.989292
0.989384
0.98944
0.989456
0.989496
0.989464
0.989496
0.989524
0.989576
0.989612
0.9897
0.989724
0.98966
0.989544
0.989544
0.98952
0.989716
0.98986
0.989876
0.989944
0.990104
0.990056
0.99008
0.990064
0.990048
0.990064
0.990076
0.990084
0.990116
0.990124
0.990172
0.990204
0.990336
0.990336
0.990344
0.990276
0.99032
0.990304
0.990268
0.990224
0.9902
0.990236
0.990264
0.990228
0.990208
0.990272
0.99026
0.99022
0.990344
0.990392
0.990452
0.990472
0.990464
0.99046
0.9904
0.990456
0.990468
0.990392
0.990412
0.990404
0.990436
0.990248
0.990208
0.990212
0.990148
0.990168
0.990268
0.990364
0.990408
0.99044
0.990412
0.990336
0.990296
0.990264
0.990284
0.99028
0.990296
0.990352
0.990392
0.990432
0.990456
0.9905
0.99044
0.990464
0.99046
0.990436
0.990448
0.99048
0.990344
0.990372
0.99018
0.989908
0.989932
0.989948
0.98994
0.989952
0.989956
0.989988
0.989972
0.98998
0.989984
0.990048
0.990076
0.990092
0.990012
0.989964
0.989944
0.989932
0.989944
0.989972
0.990008
0.99
0.990004
0.990012
0.99
0.989976
0.990012
0.99006
0.990088
0.99008
0.990052
0.990064
0.990032
0.990056
0.99002
0.99004
0.990008
0.990008
0.990024
0.990016
0.990024
0.990024
0.990044
0.990036
0.99006
0.990092
0.990136
0.990116
0.990092
0.990092
0.990084
0.990064
0.990052
0.990044
0.990028
0.99008
0.990052
0.990044
0.989988
0.989992
0.98994
0.989948
0.989976
0.989968
0.989924
0.989928
