0.645007
0.589617
0.540389
0.496262
0.457616
0.423253
0.392977
0.367292
0.344978
0.326015
0.309281
0.294412
0.280824
0.269245
0.259837
0.250974
0.244833
0.239979
0.235426
0.232321
0.228517
0.22574
0.223086
0.220447
0.218947
0.216734
0.215014
0.213415
0.213119
0.211501
0.210463
0.210091
0.209436
0.209154
0.208756
0.208283
0.207609
0.207161
0.206593
0.206633
0.206478
0.206399
0.206124
0.20621
0.206027
0.205982
0.205687
0.205475
0.205295
0.204856
0.204656
0.204741
0.204309
0.204149
0.203905
0.203581
0.203346
0.203841
0.203673
0.20361
0.203524
0.203658
0.203613
0.203481
0.203398
0.203051
0.202834
0.202928
0.202551
0.202429
0.20242
0.202271
0.20236
0.202311
0.20202
0.201752
0.201904
0.202092
0.20207
0.202159
0.202325
0.202234
0.20196
0.202058
0.202087
0.202317
0.202488
0.202347
0.202512
0.202611
0.202789
0.202701
0.202664
0.202735
0.202846
0.202743
0.202803
0.202769
0.202738
0.202708
0.202704
0.202805
0.202878
0.202928
0.203019
0.203178
0.203322
0.203357
0.203311
0.203231
0.20334
0.20328
0.203282
0.203126
0.203075
0.203118
0.203147
0.203049
0.203106
0.203137
0.203138
0.203112
0.203137
0.203187
0.203297
0.203358
0.203326
0.203361
0.203601
0.203628
0.203595
0.203785
0.203786
0.203875
0.203906
0.203826
0.203734
0.203746
0.203627
0.203721
0.203713
0.203782
0.20398
0.204123
0.204333
0.204503
0.204538
0.204591
0.204742
0.204719
0.2048
0.204927
0.20527
0.205527
0.205537
0.205575
0.20535
0.205417
0.205325
0.205308
0.205303
0.205319
0.205211
0.205248
0.205208
0.205344
0.205328
0.205416
0.205312
0.205328
0.205302
0.205252
0.205484
0.205493
0.205487
0.205556
0.205594
0.205735
0.205647
0.205417
0.205474
0.205642
0.205676
0.205711
0.205716
0.205641
0.205693
0.205731
0.205691
0.20575
0.205722
0.205631
0.20567
0.205717
0.205734
0.205793
0.205814
0.205743
0.205724
0.205835
