0.662143
1.00737
-0.0302353
1.01037
0.977894
-0.0163984
0.00608253
-0.00220232
-0.00858117
-0.0491177
1.00303
0.996145
0.0427411
1.01678
0.0623878
0.943266
1.01456
1.00361
1.06769
0.996935
0.0332958
1.00278
0.996127
0.98034
1.07175
-0.0284917
1.02782
1.00197
0.246292
0.590455
0.950939
0.903793
0.0385318
0.967655
0.995145
1.00412
-0.00792333
0.969829
0.0197595
-0.023574
1.00684
0.00543672
0.981544
1.00839
-0.00339514
0.0162874
0.971393
-0.145329
0.89581
0.182269
-0.0040239
-0.00480259
-0.0382278
-0.0065744
1.0265
1.07033
0.0302246
0.22939
0.555187
0.991554
1.07056
-0.0137779
0.066696
0.82828
0.0830429
-0.00729507
1.03489
0.991646
1.02294
1.00532
-0.0100193
-0.0329407
-0.0148495
1.01177
0.714599
1.09853
0.0322689
-0.0274215
0.965831
1.01143
0.095744
1.00047
0.736424
0.979377
0.249966
1.04855
0.0216791
1.00279
0.532525
1.00407
0.836348
0.506728
-0.0560417
0.0191112
0.994069
0.154762
0.988929
0.0322425
0.389269
0.981866
0.0198788
-0.0433241
0.797518
1.00636
0.994907
1.07919
-0.00415006
1.01417
1.02394
-0.00422778
0.644688
-0.0388817
0.987268
-0.0320562
1.1043
0.999822
-0.0567783
0.00109831
-0.0519336
0.945759
-0.0148406
0.985117
0.503212
0.721289
-0.0592214
-0.00320463
1.08254
0.000695817
-0.00158317
0.389539
0.135843
-0.00523808
-0.00950525
0.99795
0.0230311
0.925868
0.935858
1.02408
-0.0021629
0.97146
1.01003
0.93109
0.0508307
1.02376
0.944702
0.694125
0.0031386
0.978112
0.958371
0.120601
0.956418
-0.00229515
0.983705
0.996318
1.03442
-0.020104
0.989431
0.0463465
1.01121
-0.00903005
0.980007
-0.0313522
1.01403
0.138747
0.790775
-0.00134117
0.206268
-0.015621
0.991215
1.00025
0.982325
0.774704
0.0171311
0.0730573
1.01985
0.992916
0.991026
0.774232
0.982847
-0.0458916
0.0236169
0.996936
0.0663928
0.0725089
-0.230053
1.02353
0.944247
0.989295
0.991115
-0.0442382
1.01065
0.793179
1.06711
-0.0434394
0.971063
0.228052
0.00126404
-0.0202759
1.00127
1.00708
1.06599
1.00803
-0.00917987
0.971839
0.101842
-0.0564249
0.98656
0.00674121
1.00015
0.0996062
1.13701
0.047328
1.09436
1.00215
-0.035753
0.0680338
0.632237
0.00699772
1.03341
0.0475358
1.14976
0.915941
0.0233553
1.0327
-0.0434081
-0.000873661
1.00505
0.761662
0.0605498
0.699428
-0.0185855
-0.0477019
0.983631
-0.0914423
0.00908467
-0.0664148
-0.0849459
0.967345
-0.00833501
0.901287
0.781017
0.510442
0.0037637
-0.0132632
-0.0159576
0.577121
1.07722
0.311011
1.01211
1.01525
0.994345
1.00735
0.99638
0.00270296
0.987577
0.0334166
0.981975
1.04833
0.0485092
0.951015
1.00452
0.0812334
-0.0173372
0.773907
-0.153922
1.02206
0.0196512
0.993755
0.987455
0.106806
0.049902
-0.0153099
0.995798
0.61057
0.030119
-0.0149439
-0.0273867
0.995594
1.00043
1.09664
0.981851
0.902648
-0.0432537
0.993482
-0.0105638
-0.135076
0.0937832
0.98729
0.0234455
0.983856
0.00512278
0.34364
0.177972
1.00704
0.0630401
1.00356
1.12292
0.95273
0.981399
0.539162
1.02026
0.99708
0.0357097
0.225155
0.00962299
0.33307
-0.00226033
1.00691
0.388108
0.73333
0.996679
1.0112
0.0276557
-0.021541
1.01521
0.996908
-0.00395034
0.0138745
0.987065
0.0494873
0.0253951
-0.0391112
1.01211
0.0625137
1.09649
-0.000948463
1.01186
1.07479
0.229672
-0.0272656
0.979951
0.00396789
0.00862142
0.802186
0.012047
1.01284
0.963738
0.233608
0.993852
0.986233
0.999477
1.03077
0.776527
0.317408
-0.0113843
0.364567
0.999162
1.02966
1.02729
-0.0326606
0.968064
0.0386022
1.01435
-0.0196559
-0.0276568
0.0554166
1.00348
0.968406
0.956999
0.584048
0.996722
0.98153
1.00583
0.208619
1.16412
0.0153539
0.149278
1.00771
0.366208
0.98431
-0.0446577
0.00572164
0.996421
0.431037
-0.00443885
0.101021
-0.0120723
1.03103
0.999412
0.013919
0.84582
1.00085
1.00448
0.110696
0.430308
0.0411851
0.0238434
0.489704
0.9862
0.406296
0.214408
1.00677
0.969169
-0.0242061
0.0706086
0.030218
0.998562
0.0134051
0.691596
0.995159
1.00953
0.952053
-0.000459298
1.01025
0.986364
0.0857854
-0.0365585
0.257856
0.297081
0.468297
0.0114806
0.976466
0.0388653
-0.00897389
0.772142
0.986842
0.602648
0.0314188
0.14683
0.0100902
0.994063
1.14481
0.997517
0.248811
0.967433
0.015773
0.992515
1.01175
0.0244609
-0.0183721
0.438064
0.00606116
-0.00593201
0.987791
-0.0811903
0.926706
0.995907
0.986914
1.00963
1.00077
0.00697166
0.0720827
0.00438399
0.988928
0.991948
1.00698
0.6986
0.0748239
-0.0433481
-0.0113562
0.0377035
0.99726
0.0117288
1.0414
0.242569
0.74881
0.132142
0.0179976
1.00727
0.00920195
-0.00134477
1.0399
0.922831
0.0155012
0.996633
0.376338
1.00172
0.0380773
0.943455
0.0352327
0.946679
0.00811802
0.143347
0.993389
1.01979
1.03474
1.01279
0.0527334
-0.0292853
0.882654
0.993916
0.706272
0.0114369
-0.0399064
1.00988
0.999884
0.212598
0.807572
1.00677
0.0347651
-0.011991
0.992807
0.972719
0.0688965
-0.0432107
1.02452
0.807166
1.06768
1.01013
-0.0408577
0.869474
0.991696
0.602458
-0.0310778
0.231831
0.0318922
0.0114516
0.955405
0.307757
0.986369
0.0599531
1.03254
1.0061
-0.0224641
0.0311608
0.00146679
0.0902417
0.0113535
0.00442044
-0.0160157
0.00785288
-0.0183549
0.880672
1.01011
0.652761
0.0133248
-0.0321772
0.969514
0.748951
1.034
-0.309717
-0.0951491
0.894391
0.0404286
0.771103
0.987932
-0.149015
0.995112
-0.0581148
0.949044
0.110125
0.868146
-0.0219039
-0.0186126
-0.061654
-0.134275
1.03451
1.01238
0.954463
0.828809
1.01155
0.015632
0.118392
0.0537573
0.921909
-0.0146742
0.998745
0.512473
0.00595818
1.01355
0.980924
0.992517
0.984677
-0.129121
-0.0332331
1.02434
-0.0309197
-0.0859606
-0.0250964
-0.0688189
0.921063
0.983843
-0.0722369
0.996026
1.00426
0.307452
0.999562
0.563899
0.931743
-0.00836572
-0.00167741
-0.016082
-0.0442248
0.42324
0.914673
-0.00337445
-0.0146906
0.00993944
1.0256
1.01324
1.02701
-0.00752904
0.211849
-0.00455451
0.00379829
0.936113
-0.126758
0.573525
0.976033
-0.0356402
0.535995
0.929731
0.0663233
0.886775
-0.0686953
0.0197738
-0.019622
0.113344
1.02029
1.00039
0.906268
0.952745
1.01227
-0.102465
0.972937
-0.0259989
0.0197699
0.03205
0.0218774
0.875657
0.00129661
0.292575
0.0475083
0.480999
1.02766
0.913822
0.920496
-0.00472878
0.00542549
-0.13072
-0.0526465
1.01659
1.02322
-0.0542892
1.08308
1.08349
-0.00745146
1.00325
1.00957
1.00159
-0.0735756
1.00134
0.311608
0.474209
0.284635
-0.00813357
-0.00600836
0.93698
0.00167375
0.996378
-0.00131518
0.150189
-0.18606
0.990771
-0.0173915
-0.00377085
0.238942
0.0987384
0.00975073
1.02589
1.03028
1.00993
1.02112
-0.0636067
-0.0160634
-0.0425812
1.02003
-0.0357656
0.154835
1.00346
-0.0301481
0.046674
1.02429
1.01374
0.0442479
-0.0108
-0.0745211
1.00232
0.0809677
1.34157
0.0154004
0.893753
0.183446
1.00301
1.05586
-0.000874292
1.20787
0.344757
1.01433
0.991028
1.02552
-0.00203916
1.00834
0.972964
0.117469
0.00922414
-0.0213937
0.010778
1.00719
0.0639875
1.01219
-0.00697969
-0.044198
1.08087
0.0262071
0.127654
0.825099
0.983599
0.0560762
-0.0397826
0.969796
1.00745
-0.0771837
-0.0622298
0.951684
-0.00747629
0.111148
0.000562221
-0.019194
1.04526
1.01017
1.01177
0.991238
1.09092
0.849899
0.859633
-0.0228931
0.0269187
0.995276
-0.0324515
0.989569
0.996336
1.00346
0.981875
-0.0219108
0.167975
0.204511
0.991265
1.03193
0.978726
0.0144845
0.0464337
0.0449889
0.103022
1.01086
-0.0061164
1.06405
-0.0133779
1.10255
-0.00683755
0.236511
0.985804
-0.00879753
0.805044
-0.0317298
0.971052
1.02466
-0.0228047
0.953183
0.969519
0.878211
0.498167
0.992816
-0.0892585
1.0198
1.16855
0.0463204
0.988603
-0.00350556
0.612893
0.0172382
0.0396154
0.731875
0.989841
0.167119
0.974915
-0.0530042
1.05802
1.0384
-0.0104416
0.00483374
0.0560856
0.558534
-0.0528329
0.141683
0.733316
-0.0852442
0.0938958
0.0661025
0.0130935
-0.0167136
-0.019735
0.959227
-0.0329458
0.97153
-0.0348403
1.0271
0.978149
-0.0507686
0.999791
-0.0468717
1.00873
-0.000341935
0.154595
-0.0978581
0.981611
1.01675
0.719797
-0.0329644
-0.0172442
-0.0567754
0.991262
0.0988403
1.0013
1.04017
0.886066
-7.94869e-05
-0.00870434
0.0436783
0.991329
1.14797
0.328506
1.19306
0.955228
0.0247507
0.164275
1.00578
0.084322
-0.0122149
1.08142
-0.0148507
1.03854
-0.0201684
0.589392
1.06287
1.04604
-0.00353414
-0.0882309
-0.00202602
1.01944
1.04366
0.489784
-0.0137945
0.994916
0.690209
0.997342
-0.0557498
0.046572
1.13882
-0.0220964
-0.0252799
0.143273
0.398638
-0.036422
1.03035
0.0188189
0.0353399
0.997018
0.996025
0.959862
0.151184
0.98897
0.00229673
0.0402942
0.0157393
1.03859
0.981662
-0.0277963
0.996175
0.989438
0.981539
-0.0392652
-0.120228
1.05348
0.0105174
1.00919
0.124276
0.0192934
1.01044
0.605564
0.114274
-0.00101408
0.0451998
0.655121
0.829814
0.842596
-0.00895759
0.984914
0.955636
1.00991
-0.00223751
0.948908
1.05339
0.533331
0.166262
0.599733
1.07292
0.170033
0.0729318
-0.0187436
-0.00864419
0.0797355
0.00281655
-0.0148749
1.03397
0.231733
-0.00776847
-0.0998573
0.726344
0.286715
1.01363
0.968476
0.65848
0.972609
-0.0140105
-0.00377802
0.182966
-0.0331306
0.98388
0.705971
1.30718
0.980764
0.9191
-0.0343152
1.01263
0.346901
0.981963
0.0699869
0.128741
-0.0354622
0.06657
-0.00850154
-0.000454551
0.0248527
1.023
-0.0682636
1.04009
0.967265
1.03942
-0.0123894
0.0160146
0.965542
0.114578
1.021
0.0171835
1.04191
0.0100205
0.975087
-0.0201414
0.988378
0.902464
1.01866
0.194856
-0.0134956
1.00182
1.00637
0.0618441
1.00043
0.952776
0.977145
-0.0100629
1.02333
0.0636645
0.934836
0.991281
-0.0179484
1.04565
1.0233
1.01223
0.0226119
0.261387
0.99212
-0.0793778
1.01398
0.00227708
0.0809748
-0.0242737
0.921053
0.72127
0.989458
0.972557
0.60589
0.0363348
0.961036
0.00121396
0.0748741
0.984026
1.01166
0.953257
0.27689
-0.0409576
0.994631
0.0358419
0.926279
0.0199782
-0.0650147
1.03544
1.00361
-0.0159709
-0.0214555
