0.644182
0.588694
0.539009
0.494913
0.456775
0.422405
0.392625
0.365905
0.343227
0.323641
0.306063
0.290644
0.278682
0.267115
0.257635
0.248677
0.241366
0.235297
0.230171
0.226597
0.222799
0.220067
0.217278
0.215182
0.212944
0.211791
0.21011
0.209055
0.207441
0.206175
0.205324
0.204244
0.203624
0.203742
0.20244
0.202022
0.200619
0.200353
0.199719
0.199438
0.199369
0.199409
0.198713
0.198379
0.198179
0.198006
0.198145
0.198159
0.198043
0.198334
0.197738
0.198024
0.197748
0.197538
0.197329
0.196866
0.196549
0.196051
0.195945
0.195982
0.195924
0.195868
0.195744
0.196052
0.195997
0.195911
0.195805
0.195618
0.19545
0.195477
0.195493
0.195409
0.195303
0.195172
0.195113
0.19534
0.195215
0.195043
0.19469
0.194389
0.19441
0.194227
0.194133
0.194032
0.194101
0.194058
0.194132
0.193924
0.194001
0.193967
0.19383
0.193666
0.193838
0.193831
0.19398
0.193935
0.193799
0.193961
0.193995
0.193767
0.193751
0.19367
0.193781
0.193907
0.19387
0.193774
0.193759
0.193868
0.193869
0.193641
0.193536
0.193423
0.193365
0.193465
0.193588
0.193441
0.193328
0.193416
0.19334
0.193445
0.193671
0.193654
0.193503
0.193532
0.193339
0.193235
0.193113
0.193038
0.192918
0.192961
0.192817
0.192599
0.19272
0.192766
0.192729
0.193019
0.193025
0.192956
0.192974
0.193023
0.19317
0.193372
0.193495
0.193408
0.193473
0.193281
0.193334
0.193253
0.193385
0.19352
0.193611
0.193584
0.19362
0.19364
0.193597
0.193455
0.193475
0.193573
0.193509
0.193578
0.193526
0.193729
0.193743
0.19345
0.193363
0.193357
0.193428
0.19354
0.193501
0.193593
0.193701
0.193724
0.193896
0.193832
0.193771
0.193835
0.193908
0.193691
0.193625
0.193358
0.193296
0.193283
0.193475
0.193511
0.193523
0.193419
0.19349
0.193512
0.193438
0.193492
0.193492
0.193577
0.193554
0.193551
0.193589
0.193655
0.193663
0.193575
0.193639
0.19366
