0.190474
0.986596
-0.23195
0.939527
1.01143
-0.025158
-0.0144459
0.0344206
-0.00943604
-0.0999211
1.01851
0.942511
0.474603
1.03506
0.179299
1.00978
0.969761
0.808282
0.951507
1.00525
-0.0214229
0.994596
0.984117
1.02017
1.09588
-0.0245681
0.992359
0.928149
0.092549
0.22892
1.06891
0.800305
-0.106837
0.986406
0.997787
1.03593
0.397556
0.977525
0.439849
0.071878
0.949586
0.0236839
0.941123
0.999916
-0.0489199
0.00973853
1.00142
-0.605891
0.98545
0.0901391
0.147962
-0.0616375
0.004261
0.0175334
0.920655
1.03772
0.0261958
-0.102287
0.768525
1.01262
0.6656
0.00491726
0.058809
0.885257
0.00481424
0.394326
0.956948
0.993848
1.00538
0.974459
-0.266861
0.523
0.230465
1.01965
0.786215
0.982472
0.44659
-0.0379193
1.05298
0.97031
0.0477185
1.02081
0.200981
1.01499
0.311995
0.981398
-0.0179821
0.933898
0.0584127
0.972433
0.911039
1.01902
0.0255613
-0.00381969
0.996089
0.0607094
0.946226
-0.0713027
0.304122
0.999133
0.00725528
0.0535126
0.970801
1.00646
1.03927
0.729437
0.0166458
1.0284
0.99449
-0.0290895
0.243058
-0.0521993
0.720185
0.0975987
0.970346
0.997222
0.0303341
-0.0585901
0.209214
0.99249
-0.0783332
1.04046
0.399226
0.845149
-0.0446409
0.0896737
1.00318
0.0107969
0.0820101
0.300698
-0.0439515
0.121282
0.0454033
0.585246
0.0333809
0.95564
1.02398
0.980353
-0.00930769
1.05041
1.01114
0.860302
-0.155951
0.982925
0.762223
1.00461
-0.0236508
1.00729
1.00134
-0.0135949
0.989314
0.166129
0.872751
0.989008
0.882177
0.0101493
1.03983
-0.0620489
0.920181
-0.094679
1.0003
0.170841
1.01258
-0.0531208
0.681905
0.0639544
0.0681356
-0.107333
0.999319
1.00119
0.9946
0.801548
-0.0340523
-0.036471
1.01233
0.97652
0.98721
0.713132
0.994414
-0.0670301
0.0176347
1.04199
0.267811
0.103707
0.0923444
0.910359
0.924455
1.02733
0.877527
0.0437738
0.995789
0.702692
1.01813
-0.00354731
0.956443
-0.0216715
-0.0360876
-0.00445901
0.965786
1.05286
1.00138
1.00215
-0.0524582
0.985152
-0.0104237
-0.0987882
0.994269
0.00016651
1.01383
0.0845504
0.956701
0.0368316
1.00672
0.93012
-0.175675
-0.0203151
0.95782
-0.0465689
1.02422
0.0383567
1.15416
1.23236
-0.147111
0.980886
-0.026694
0.082186
1.01109
0.725301
0.0850579
0.585812
-0.00928574
-0.167119
1.0419
0.0029804
0.0879639
0.0423513
0.0373147
0.929431
-0.0152802
1.031
0.815404
0.267491
-0.0531208
-0.0668746
-0.0633602
0.777387
1.38343
0.531457
1.02933
0.985731
0.983381
1.00269
0.993536
0.135184
0.98047
0.0105052
1.02352
0.992323
0.100201
0.985905
0.991758
-0.00738852
-0.0801079
0.438539
0.0716535
0.982927
0.0216228
1.00308
0.947042
0.717245
-0.040175
-0.0323644
0.903362
0.904654
0.026185
-0.0167391
0.11404
1.05009
0.964525
1.03292
0.705631
1.09344
-0.279506
1.00616
-0.0326243
-0.217995
0.00901496
1.02822
-0.0285628
0.999417
0.021706
-0.11025
0.168095
0.985043
-0.128344
0.999084
0.75963
0.750412
1.04352
0.374106
1.07531
1.01134
-0.0592524
0.252008
-0.0144252
0.00948467
-0.0124724
0.998425
0.353536
1.03475
1.01827
1.02053
-0.0107648
0.000574925
0.474854
1.03988
-0.0292036
0.0172027
1.01072
0.10263
0.0103858
-0.0167352
0.981821
0.0910184
0.97993
0.0505381
1.09901
0.995822
-0.0680913
0.318759
0.955592
0.100974
-0.0334868
0.50911
-0.00212431
1.00729
0.996098
0.365673
0.956544
0.99295
0.978438
1.02944
0.836508
-0.0898236
0.0510526
0.412323
1.05393
0.92624
1.06773
-0.0184256
1.00101
-0.00491762
0.975306
-0.052627
0.00397681
-0.00349614
0.987147
0.586407
0.917438
0.613674
1.04961
1.04562
1.03101
0.425747
0.883105
0.100008
0.00359372
0.989243
0.059605
1.05486
0.0339044
0.00129513
0.96328
0.0861844
0.0502618
0.114802
-0.00466764
1.0107
0.976886
-0.0723121
0.144109
1.02077
0.978233
0.140976
0.850151
-0.0138562
0.181796
0.76394
0.965399
0.954244
0.295566
0.949146
0.991527
-0.114809
-0.101183
0.164229
1.00814
-0.00993646
0.697202
1.01263
1.0036
0.998934
-0.0628105
1.03186
0.995986
0.00844989
-0.0531407
0.922707
0.519156
0.239373
-0.012284
0.978645
-0.0190423
0.0156948
0.435817
1.00799
0.47661
-0.0436309
0.00232962
0.00925362
0.993262
0.972633
0.994357
0.0315164
0.95667
-0.0523502
1.02106
1.01605
0.108369
-0.0331228
0.541684
0.0852886
-0.111885
1.0943
-0.0158472
0.864525
0.996351
0.954338
0.983872
0.931577
0.0333333
-0.0177358
0.0166707
0.878775
0.96884
1.01924
0.813271
0.0512667
0.0858047
0.0554114
-0.0727353
0.994631
-0.012074
0.930028
0.0594016
0.982452
0.000787437
-0.0195445
0.999775
0.177526
-0.0627857
0.569243
0.689698
-0.0120268
0.942385
0.909166
0.995002
0.0453709
1.02499
0.101583
0.958639
-0.0320239
0.0597747
0.847866
0.982464
1.02729
1.02218
-0.00756253
0.0189465
0.960546
0.995116
0.895054
-0.0248859
0.0177615
0.992076
0.932438
0.0659935
1.01932
1.01582
0.0300175
0.0101728
0.895072
0.831208
-0.0508629
-0.0272022
1.00618
0.864002
1.04654
0.888331
0.079949
0.899184
0.995625
-0.0601624
-0.0205493
0.475667
-0.0824312
0.0104061
1.00586
0.144325
0.919737
0.0482204
1.03279
1.01858
0.0197425
0.138459
0.0492259
0.052098
0.0347283
0.0135393
0.0154123
0.41907
-0.0160678
0.766698
0.971755
0.363352
-0.0434441
0.0322056
0.995763
0.436823
0.982734
-0.101117
0.26323
0.812511
0.1884
0.670452
1.00833
-0.00548125
0.996471
-0.0879126
0.897513
-0.482702
1.08548
-0.0288297
0.00879974
0.0318595
-0.0639913
1.02486
1.00396
0.991199
1.00614
0.986869
0.141727
0.0023666
-0.0771404
0.949659
-0.033656
0.99438
0.872418
-0.00606386
1.0065
0.946391
1.02073
1.00502
-0.0482641
0.267083
0.66055
0.0990138
0.0449358
-0.0932122
0.0442829
0.906029
1.01189
-0.0879059
0.973057
1.0058
0.138217
1.01722
0.646581
0.816314
-0.00592374
-0.128891
0.000721255
0.0491942
0.485405
0.993481
0.011816
-0.0105234
-0.0426627
0.992922
0.992315
0.989307
0.0952809
0.000609076
0.0378427
-0.0672126
0.77041
-0.105632
0.758705
1.01714
0.0589191
0.328595
0.703551
-0.0119799
0.42074
0.177362
-0.0838458
-0.042079
0.0365466
0.986949
0.981518
0.551572
1.00404
1.01479
-0.0889322
1.00922
0.0482146
0.00204892
0.324386
-0.0427947
0.665064
-0.0281105
0.416774
0.000502819
0.352991
1.05515
1.13418
0.980252
0.0582763
-0.171101
-0.128755
-0.0780498
1.00375
1.02425
0.0880286
1.01107
1.04783
0.0432582
0.998833
0.922058
0.97712
0.101325
0.976629
0.278964
0.714106
0.439423
-0.0271108
0.0437706
0.845325
-0.048353
0.999566
0.0280687
0.00926019
0.140223
0.811802
0.00123485
-0.0164234
-0.0241074
-0.0369288
0.0793161
0.990199
0.985597
1.05893
0.975235
0.00564227
0.0129952
0.0403469
0.984052
0.0771762
0.0866932
1.0285
0.113662
0.459317
1.0725
0.821429
0.289189
-0.0386433
-0.029216
1.02563
0.0311734
1.23693
0.0553071
0.758466
0.0349077
0.990561
0.927305
0.0450277
1.25309
0.0507599
0.988748
0.997863
0.88559
-0.00847701
1.01253
0.944774
-0.0263234
0.00745613
-0.00699919
0.032553
1.01224
0.00532261
0.979065
0.0729753
-0.0178095
0.993408
-0.0317682
-0.137032
1.12185
1.00085
0.046854
0.0625651
0.754705
1.00607
0.0137171
0.146646
0.98402
0.0400035
0.119595
-0.013964
0.0963202
1.03617
1.00796
1.03849
1.00295
1.01789
0.97648
1.01691
0.192146
0.288064
0.981982
-0.0465314
1.07617
1.13037
1.01608
0.871995
0.115168
-0.0221406
0.0156396
1.00849
0.983839
1.00382
-0.0438884
-0.0364677
0.021978
-0.0571398
0.99427
0.165225
1.09571
0.0439918
1.05643
-0.0237947
0.2055
1.00406
0.115185
0.988308
-0.0202628
0.65748
1.0474
0.0917231
0.987203
0.810463
1.14793
0.804343
0.977108
0.00195132
0.953302
1.16099
0.0238221
1.01015
0.0421245
0.412205
0.0699799
0.200402
0.613013
1.00414
-0.0278072
0.993809
-0.0228185
0.984624
0.986502
-0.0484276
0.0209223
-0.0421949
0.041111
-0.093411
-0.0159394
0.623501
-0.0489622
0.0852875
0.0278794
0.0706832
-0.0113487
-0.0729554
1.07826
-0.0669921
0.815882
-0.0427342
0.979909
0.947069
-0.0069532
1.04242
0.0898324
0.954188
-0.0166673
0.189789
0.0118248
0.983617
0.982714
1.00829
-0.0438525
-0.00336474
-0.121745
1.00796
0.173074
1.00727
1.11983
0.997999
0.0184663
-0.087896
-0.00717451
0.918507
0.546694
0.818473
0.982866
0.981066
0.132083
0.0303822
0.992896
0.141711
0.394172
1.01896
0.0357754
0.983973
0.0694485
0.491184
1.0338
1.02357
0.0836404
-0.00876936
0.0226242
0.996918
0.952655
0.398613
0.0271847
0.960826
1.04024
1.18546
0.198405
0.000832469
1.02033
-3.39044e-05
0.00997166
0.0310363
0.543871
-0.0599487
0.981321
-0.035092
-0.0299788
0.994674
1.00005
1.02222
0.056105
0.940265
-0.148099
0.0048389
-0.00385286
0.821485
0.983042
-0.00867483
0.978457
1.02554
0.960803
-0.0619634
-0.0574917
0.996933
-0.00908935
1.34354
-0.00793875
0.0456188
1.00831
0.72906
-0.0453846
-0.0262985
-0.00472583
0.76254
1.08675
0.265434
-0.00333558
0.959565
0.910174
1.00433
-0.0526042
0.740147
1.15561
0.791143
0.0132862
0.511889
0.999688
0.313661
0.082006
-0.072799
-0.0822664
0.0250386
-0.0126582
-0.0964513
0.956089
0.217221
-0.129913
-0.0291267
0.792627
0.289682
0.978857
0.994841
0.883507
1.00165
-0.0151416
-0.0616914
0.324665
0.00601065
0.993434
0.990486
0.933957
0.977341
1.2049
0.0156141
0.925318
0.33646
0.953334
0.2346
0.115509
-0.0345456
-0.0491261
0.00456962
-0.0880337
-0.0350691
1.01764
-0.12943
0.819091
1.02838
1.11663
-0.0191684
0.0127248
0.318857
-0.0139959
1.0186
-0.000352512
0.999179
-0.00168126
1.0333
0.0994738
0.992131
0.806931
0.737058
0.118492
-0.0456297
1.01884
0.744833
-0.0782569
0.942823
1.02257
0.980981
-0.0673581
0.902626
-0.0429408
1.01493
1.00892
-0.0430696
0.958393
1.05177
0.955445
0.148595
0.332249
1.02286
0.300626
1.0049
-0.0114461
0.0391832
-0.0401693
0.844927
0.816261
1.00839
1.01866
0.644057
0.496946
0.995768
0.115667
-0.0456214
1.01717
0.986442
1.07475
0.0437345
0.0286798
0.969258
0.0176802
0.98101
0.0959144
-0.0288793
0.374316
0.973178
-0.0100208
0.0687273
