1499.81
1252.82
1050.51
883.479
753.361
646.291
559.265
476.932
417.659
370.255
320.421
285.061
250.57
241.18
222.815
202.533
191.687
171.831
154.669
149.745
153.721
132.613
124.722
117.898
121.048
103.506
128.144
101.76
95.8782
97.4977
99.8397
97.9023
100.825
87.0987
85.1251
87.3861
80.5038
78.6736
73.8219
80.0435
71.8693
69.1255
74.2046
81.2392
75.8489
73.1267
72.3253
67.9568
66.6161
61.682
66.1959
68.4536
68.5024
63.6731
65.4781
64.4591
63.8956
65.4129
66.1156
62.0399
61.0088
54.4754
62.0807
56.6746
57.0192
51.5411
55.4235
59.599
53.7912
55.9949
55.6202
53.0051
50.2444
56.1253
53.4248
50.3218
49.9911
48.376
47.2753
49.6181
49.9094
50.0159
48.8926
42.4055
50.6347
51.0013
48.2293
43.1043
44.9485
46.5613
44.0622
46.9552
41.1935
44.6042
42.6122
43.5796
41.6168
41.2039
45.8849
40.0269
37.8445
38.2085
38.3777
42.5451
41.7031
40.0934
36.1657
36.5091
37.1011
42.4011
35.5787
40.1925
35.9269
37.1175
34.7386
37.2465
38.2231
36.1437
35.8353
31.8119
32.2978
38.6839
34.9572
37.5324
35.4657
32.6499
30.3798
29.9315
31.8458
30.2475
31.768
28.1514
30.1246
31.2467
29.3248
28.3499
30.6645
32.8552
25.7886
26.2959
29.4457
30.3208
30.0595
31.0428
26.7531
27.5755
28.3723
27.6187
29.2605
27.0805
25.9686
26.4479
26.343
26.5156
26.0092
27.4419
26.7504
22.9413
26.3324
24.5035
27.56
25.9436
25.0521
25.6941
26.0733
29.0654
25.4828
25.7627
24.7817
25.1738
26.0947
21.4682
25.0253
25.0283
21.9405
23.512
20.8716
21.1402
23.259
21.2362
22.287
20.6442
21.552
22.6499
22.8511
20.9662
20.9466
19.9812
20.8432
19.9994
19.9052
18.7759
19.7825
20.0229
19.0142
19.0837
18.8443
18.8701
19.2688
19.2966
